459700
31800
6000
6800
7600
7200
5200
5300
4200
2300
7100
7100
4600
8700
8600
6700
10800
12400
4100
9200
14400
12300
9900
4500
8100
6800
9000
4100
16400
8000
7000
4500
11600
17200
10400
5800
5700
4500
16500
7700
6900
7700
12100
15800
8700
4700
7900
16300
4000
12000
3800
4500
9500
3900
6200
5000
14100
4500
4800
14800
6100
3200
22300
20300
21800
21600
12800
23800
22400
21400
16000
5400
28800
8200
5000
17900
11600
10600
13600
12000
12300
5100
12300
14900
16200
14800
3100
14200
6000
14700
11100
4200
13000
17900
11000
4000
8100
3600
5800
12800
10300
11600
7900
3100
12400
12400
5600
2300
15400
3100
4300
11200
15000
2900
15600
5600
4600
15600
2800
20600
14400
3500
3600
12800
24000
15200
17800
6900
16300
17000
11000
17100
4500
5300
3000
14300
24000
3100
3500
14700
3700
4000
15200
15400
14400
16100
22300
46200
15100
23000
3000
5200
6000
15200
19800
20000
5400
17100
5100
3600
7700
18800
6700
20700
24100
4100
8600
6400
3900
5600
12000
15900
4600
4100
19300
14700
10500
9500
16100
9900
7800
19400
5800
6000
26100
5100
15300
25000
7500
28000
5600
9000
6500
28000
8100
9700
8900
4700
32900
4300
9300
5700
6000
14100
31400
18500
8900
31700
12400
30600
5400
8400
15500
33800
6900
12400
6800
34100
5800
4100
12200
5000
9500
8200
6000
33300
8700
18700
5600
22300
16200
31100
15200
4400
6100
9200
5500
6600
29800
138100
19100
29600
9500
27900
6100
7700
11100
3700
5600
6700
22300
5600
18300
18400
15300
46000
31800
15100
15000
19300
34100
8300
9600
6700
32100
4700
14100
6300
18600
4000
5100
16000
5900
37700
38900
13700
4500
32200
4900
31300
53600
34000
13400
3800
32900
6200
35700
19900
6400
13700
5500
7100
18700
6500
5200
6700
9400
4800
7100
7300
37300
16000
6200
34600
20000
29600
11700
16600
6400
12400
11900
7600
6100
6600
15500
7300
7200
10800
21600
6200
38800
6400
8600
16100
6500
8500
5900
5400
21800
26700
6600
33800
16200
15300
17800
7100
10100
55400
6700
4400
52600
8000
40700
7200
9900
47900
32700
53800
11700
8500
4500
14000
16300
5200
17200
21100
6400
4500
8900
7200
47900
5800
4400
11800
8700
58300
6600
53200
47700
7900
7900
10600
12900
21400
16600
18500
8700
10200
27700
58000
23200
10000
10500
57900
18000
7800
55600
7200
23700
59300
59400
8000
13900
8500
57600
27000
11900
15800
8400
10700
10900
26100
8200
26600
7800
8700
13400
53100
24500
10300
9700
42900
9800
50800
9600
17900
41300
36800
14400
17300
23100
44100
9100
9300
8200
63000
8700
8900
10800
8400
9100
59700
21700
9600
20500
8900
8700
38600
8800
9600
9400
8800
10500
24000
20200
9500
23000
9800
23900
10900
134500
10300
58800
57100
69100
13300
18900
77300
57000
10700
8800
26100
6100
14700
6600
6500
28100
6900
7400
5600
11000
6800
55400
54000
41200
7700
48200
7900
6400
12300
7100
5800
29900
11300
11200
37000
9500
10000
38200
16200
10100
80300
72900
9000
17800
8800
10200
11100
14400
10500
11700
28600
10600
11700
48300
11300
11800
11000
14200
10600
70500
28700
14200
14100
80000
13000
76000
94900
14400
52600
17300
8200
8300
23500
33200
8900
6500
7400
6500
17900
6800
57500
10200
9100
17500
6800
6900
15200
7100
8400
18400
15300
9000
12200
6700
10400
26200
18500
13400
39000
38200
15200
13600
16400
12700
14100
15000
12700
15100
14200
31700
24800
14000
11400
13700
60600
13800
27700
12500
12800
16100
38600
33000
12700
95500
114800
85900
26100
13500
16800
11500
13800
11400
11800
11100
18500
7300
33400
43300
22100
68200
12300
11800
13500
15800
12500
24800
39500
33200
82600
12300
22000
70800
19100
89100
13200
65900
31900
84400
13900
20600
19600
17800
25000
16000
78100
13700
8100
23500
62400
6900
9400
59800
7800
13900
8000
28400
11000
26700
12500
48400
22000
90200
86300
94700
13800
104200
13600
53100
8400
44100
6900
6900
20200
10800
7700
43300
52300
15000
15400
59100
22800
15100
13700
13100
73000
15000
29000
69400
23300
25500
82700
13600
20300
75200
73800
17700
64900
16100
15700
25500
22100
36900
14500
25800
13100
10900
15900
26800
15700
22200
48300
17900
24200
22200
17300
15900
43700
15900
30000
17400
14200
17900
57100
25900
80500
16100
21400
14400
15100
13700
50100
17600
19500
18300
15100
29800
16400
12300
16100
31600
15400
16500
56200
22000
31900
19200
18800
88400
21900
24600
18300
32100
27100
17400
26800
19800
17400
83500
18700
24300
76000
14300
60500
23500
19100
31500
21200
15900
23700
29600
17600
27100
34900
31100
18100
15800
42000
18400
38100
19900
24800
41500
23400
78100
17300
14200
18200
16000
20500
61400
16900
39800
52500
16100
47200
24300
15500
104700
107000
31700
17400
60400
31100
21400
25100
91700
19700
11500
75000
9800
20800
21000
72000
23900
69100
27400
83400
19800
20000
30600
40100
77800
34300
18700
15700
20400
16800
72700
34100
64900
18800
18800
27800
28100
20000
21600
25900
20000
22900
40600
13600
18500
32300
38000
23800
20700
18200
32800
34800
10500
11600
21900
19100
12600
10000
19500
12400
11700
12600
12100
12100
20600
12500
25900
27900
8000
10100
10100
9800
17400
8600
11200
13400
9900
12400
9400
21100
14500
12600
14100
10000
24900
15100
37800
11100
6600
12000
7300
7600
9600
6000
8500
24900
7600
10300
14200
7800
10400
9800
8900
16700
6500
21100
11900
10800
8500
20000
22300
10400
6100
9400
10000
13600
8400
9300
7300
10200
10100
24000
20900
11100
6000
6600
7700
10500
6700
7500
7900
7400
7400
7300
8000
6500
12700
9200
6000
14500
13100
13400
13400
15200
19700
14100
12100
11700
13200
11000
16400
10000
8600
8500
12400
9100
10400
23400
7400
10800
7500
9500
12900
8600
11500
11900
8500
27000
7600
10100
14000
8100
9500
8300
31200
10200
7600
7500
10300
10200
33100
10300
7800
11000
12200
11700
9600
15400
15600
14800
12100
9700
8900
10400
7800
8200
28400
7300
10600
8500
13000
9400
7400
7000
9100
8200
10100
29000
8400
8100
9600
14900
17600
17500
9300
12600
23800
16100
15600
16300
15500
15800
12000
16800
16400
15700
48800
16000
13000
14700
15300
16300
19700
16500
22700
12200
10000
8500
9800
8100
10400
12900
16700
17600
13300
14400
18400
13600
16700
14600
24000
15300
17600
15400
14500
23500
18400
15200
14800
42300
23900
17700
17600
22600
17300
22900
16700
12800
14300
20300
45800
16700
15900
18100
15000
22800
18000
16600
15200
18600
19100
17500
20500
27400
37600
24200
27100
25200
30600
32800
14900
18000
14400
18400
24400
43200
18700
18100
17600
33600
21800
15600
15700
49100
20100
18900
38900
16700
33400
17600
18600
17500
21700
18000
43800
18400
15300
17000
13700
14300
19300
20100
18600
54500
17500
19600
17900
17900
156700
24800
15200
9100
9700
12900
75500
18300
27000
18000
16400
15400
21200
18100
16200
47000
24400
30000
17600
16800
17700
19300
23100
17900
29800
17600
51300
16400
17300
17600
18600
18900
16100
26200
15000
49600
39100
60200
20200
23600
19100
17300
17000
22300
27600
19200
18100
21300
16100
20300
68200
18500
23400
19000
20500
18800
20000
23400
15200
31500
19700
26700
18100
18900
19400
26700
24800
48000
21600
26900
16600
18900
60600
17200
22200
16900
21000
17400
17300
82900
8200
12900
24800
73600
17600
13900
17500
17800
19000
20900
22600
37500
19000
23200
20300
48400
23300
19400
25900
15600
33800
12000
11800
9400
9800
19900
20700
20300
19000
20900
22900
20000
24700
26900
18200
20100
18200
20400
18700
21900
17000
20000
20100
20600
16900
21000
74900
19000
20700
18700
22400
18400
21900
31400
20700
56300
19700
19900
20800
17300
21900
24700
20700
21200
21500
25200
20200
23300
28900
22800
23400
25400
28200
23100
23800
70700
21400
22500
27400
28000
20100
20100
24500
18800
20800
20900
25000
39500
21500
77100
17200
20500
52800
22100
18000
18000
22700
21700
17700
19700
55800
22100
26600
22200
23800
20700
64200
65900
20300
22100
25100
25800
21400
29900
55100
22900
21300
21300
23700
21800
25100
30400
26800
13400
11700
14600
11200
29300
20200
25700
22300
22300
15700
13800
25900
25300
73700
25400
23700
24800
13800
14100
16200
12700
30100
21400
28800
25200
24100
22500
30500
24900
25900
24100
90000
25500
25400
90000
22200
24400
24200
24300
23900
24600
36500
25700
27900
24200
17200
24400
24400
31700
25600
25100
33500
27300
89600
56100
26300
18300
20100
18800
24200
30500
29800
32300
29900
24600
19600
62800
25300
27000
25000
31100
50300
26200
32100
27200
26300
25800
25500
26600
31800
23400
25600
30300
26400
26400
24300
48500
27700
34100
44100
40300
35300
42400
107300
15100
21200
18900
27000
27800
20600
26700
29900
26000
25500
25400
27700
23700
30400
26300
85000
26600
26700
26400
26900
32500
26900
87300
25500
25400
26200
27800
27000
25800
26300
32400
28900
28300
28300
29700
47100
27200
33900
27700
33000
37800
29700
25700
25000
23500
24000
22700
108000
24300
36000
113100
30300
35000
37800
37200
28400
35600
34900
27800
70000
28400
16900
16600
16800
73500
14200
19300
24200
16500
85200
23200
18800
18100
15600
22900
19000
18200
16600
18000
71900
18600
35700
68400
30500
28400
36200
28800
31100
62000
31600
44900
29700
30400
31700
29400
34500
41600
80300
15300
15100
66500
29500
30100
86400
28000
78500
30500
30500
28600
26200
26700
31900
31200
27400
32000
30800
30000
30700
31300
29500
31400
97600
32000
65000
29200
33500
31700
30200
31000
30600
28200
29300
32700
32800
31700
124600
40800
33600
33100
36600
34100
32200
39700
30000
32600
27700
32200
29400
37600
28900
31300
29600
30800
45100
31800
25900
26000
41400
29300
29700
61200
135800
41000
30500
35300
33200
33900
32100
28900
33300
32800
35800
33400
39100
35400
36500
27600
34000
35400
34000
33300
28600
31800
71800
44300
30500
34000
44900
44500
94900
33800
35500
34500
26300
18300
18600
18300
32500
36200
70400
33400
57600
52100
39100
36300
44200
32400
34800
36900
34500
37400
35200
38000
33300
43800
34900
36000
36700
82300
28900
37500
42000
58200
32600
42500
35800
41900
34700
50900
38800
44200
37500
37500
44800
33400
35400
36500
52200
40400
37100
40200
44000
38200
40200
36300
37300
72200
41200
48500
33700
38400
39900
86800
37300
48300
35700
38500
50200
35100
41500
36500
38400
37300
76700
40300
44700
39400
34700
41600
39100
38700
45900
87100
121600
35100
42600
41100
40200
49200
39100
39100
49400
39600
40400
42900
83100
43800
41400
39500
24000
28000
22700
24900
21200
22400
62600
41200
38400
50600
34300
41900
41200
42600
37100
49900
162500
42500
39100
33300
41900
41700
41400
46600
52900
42600
105200
39900
49800
44400
89200
123900
115500
95200
35200
51700
42900
42700
105200
49100
41400
93800
50300
42200
43200
44800
42800
42100
51800
42900
118800
44000
40600
39400
39500
42100
41700
44900
43000
42500
42800
55100
44000
52800
48900
43000
44800
44100
40800
44800
45000
41500
45700
40800
113200
45400
54500
54700
51500
59500
59700
67800
58900
140600
75100
139800
66500
61900
68400
62000
58900
155800
53100
194700
71700
26200
25900
26100
46000
45400
53500
43000
45500
57600
48500
47300
43900
49000
45400
47900
55900
52200
60000
49000
37400
87600
48500
47400
50800
57100
46800
55000
68000
47100
47300
56900
30500
48900
37500
49200
108900
53700
101100
48700
52000
48100
52000
54100
50300
48800
57800
58700
47200
45200
108800
49200
52700
37400
49600
49600
60500
50900
51900
58000
47900
44900
49500
49200
48600
49700
52200
64700
47000
41600
58900
53500
50200
46300
52200
56100
52200
50500
49000
48100
60900
54900
39400
50800
53600
48600
51000
53200
54700
63000
58700
51900
51500
48800
81200
47800
52400
54600
32400
29200
50700
48400
54800
53700
30200
29600
30000
50200
25900
160400
56500
58100
52700
53000
119600
54000
56900
70500
60200
66200
201700
90500
97300
101900
110100
85900
90300
101100
83900
92900
91000
60000
57800
54400
57300
51900
56200
74100
59200
57700
58500
59700
56500
56900
52400
40300
35800
33100
164100
59400
57800
56800
64200
58500
55500
60300
54800
102100
163100
75300
73600
75300
93400
71700
75300
68900
74500
73400
75500
91200
138100
75800
76200
77900
88100
78600
75100
86700
76200
99800
79700
75000
75200
117900
90000
123400
86200
126000
80200
85200
78100
56100
62900
62200
68400
50700
48000
60100
62600
33700
32300
63200
78000
63300
61900
62000
63000
133500
68200
55200
62900
64100
71800
64500
103900
63800
64900
65500
63300
60100
61000
69400
62700
44400
61600
64400
65100
64400
62100
66900
51300
70100
112200
62300
63000
62300
71600
66200
116300
62800
69300
65700
72400
66200
67100
56100
94500
97000
104900
158500
159800
70400
104800
64700
65900
66100
68400
70500
73700
128400
66500
64600
64600
60500
64000
68400
75900
69000
79400
68400
64700
95700
65900
68400
67300
66800
68400
69100
85300
125700
47900
34100
70200
50900
69800
80800
79400
103100
70900
69200
68300
69500
69300
68800
68500
61400
72500
69300
64800
70800
72000
105000
35900
38000
34900
71200
70600
61900
70600
70400
67600
70700
70400
68400
75200
67100
70400
73600
70900
123400
42600
70700
70900
73500
128200
93000
72300
65700
71000
65500
43700
65100
134400
70000
43500
59000
71300
72400
74900
74500
55500
73400
70900
72900
55000
244500
72200
74000
76000
72100
70000
129800
68800
77300
72400
73700
73500
75100
78000
82300
75800
72100
83800
72400
73800
123600
92300
72900
73900
86800
71400
127300
82200
72900
96300
77400
118900
42800
43300
117900
76100
73200
58200
80900
76100
73400
72700
76400
76200
79200
76600
74000
80100
76400
73600
78600
228100
76300
79600
80700
196200
74400
73800
74900
79200
37500
75500
92300
58200
74100
73400
59900
77100
78500
60300
78300
79700
78200
109300
79300
109600
79800
78800
47700
72600
129500
76200
117800
74000
79700
57200
79800
78500
87600
120700
79300
95200
121600
95600
75000
80600
76800
62300
76400
97000
83900
80400
80700
80300
79800
76500
83600
81400
61400
80500
82000
79200
80700
78900
79100
73400
80200
91400
82200
80000
80700
88100
79100
82100
81300
82300
124400
79700
77000
84400
82000
69400
124000
78000
89600
80100
82100
80500
76700
81300
81700
85400
78900
88000
81400
83100
83200
83400
84900
85300
80900
83000
79000
80100
80800
48200
42600
139800
44200
81300
83100
83900
157500
92300
81800
91600
70400
83500
82300
81000
102100
82700
65300
84300
79700
83300
82300
90000
75900
86000
84400
84700
85600
84100
85200
66800
87900
85100
66200
84300
224600
82100
86000
89000
96400
90300
83200
84000
98800
83800
87600
87700
66900
86600
129900
98800
81600
79300
87900
90100
86000
87900
87800
65200
85300
88800
88900
85000
179500
67400
111100
84600
82700
83600
89900
52800
91500
191500
89300
98100
88600
88700
86700
84400
89400
90500
85100
90200
88300
98400
48700
46200
47300
45300
51900
73000
89700
99000
96200
100000
89300
89600
87500
89700
86900
90500
97700
93000
91100
91800
91600
88100
106900
88500
72500
90600
88800
89700
93500
88500
82400
91600
89500
94400
109400
89800
94400
91000
87200
95000
88600
220900
56900
46700
48200
48900
44500
140300
45300
42600
51900
104300
92600
148800
91500
123900
99200
94900
93800
92200
90700
91400
88900
90800
122900
152400
170200
48800
103400
42400
40400
44600
60400
46700
53200
96200
90600
95400
93700
189500
91500
93900
88100
136200
94000
93800
96800
90100
166700
92600
135900
90200
51400
50700
47000
48000
74100
96600
77900
96200
96200
94900
97300
94900
95800
105500
95300
95400
96400
134200
96000
91300
182400
97200
130500
100600
103000
95300
93400
208100
94200
75700
90700
81800
97300
95900
98100
97500
91700
96600
97300
97900
98200
95800
92200
95200
94200
96100
101500
95900
98400
72800
92200
96500
99000
95800
96800
98700
98000
98200
97300
98000
98600
97800
99600
99900
95400
95400
98200
118900
108200
101700
98500
108800
102300
99500
105100
101100
97000
95900
99100
92100
105500
95200
100500
99300
101000
60900
52700
53900
51500
96300
100600
100300
101300
98300
94900
97600
101300
100500
99400
98600
98900
103900
101100
102500
100000
103600
128900
97000
92900
103600
105700
98200
98200
103400
104100
257500
98300
103800
101500
112900
103000
96900
151000
99800
102200
102300
103200
99400
99900
80800
102800
103300
102700
104300
101300
103700
98700
106300
103100
116500
114400
84600
103700
105200
116400
100800
101600
106000
98600
140100
101700
101600
105000
106700
104400
103700
105100
90600
99300
150000
205500
102200
166900
92300
105100
106700
100400
102200
102000
103600
102600
107200
105900
102200
61100
55200
54800
53800
115900
104500
110000
106900
106500
107600
105200
107600
105600
104500
105500
82200
144000
109300
104600
100700
209200
107200
135200
109300
107300
103300
107800
181800
106900
105700
116000
120500
182200
102600
71900
105300
105800
114800
105800
109100
112800
99100
109500
108300
101100
112600
105800
108900
226800
105700
218500
144600
109500
110000
120000
126500
106100
110400
109900
112000
109600
87000
85700
159600
152900
56500
57200
107300
128200
108700
129800
133900
128400
109800
107600
106000
84000
246600
112300
127000
107500
111900
105300
108500
108200
105200
115500
262300
109500
59700
162400
57700
56100
104700
171600
131400
113000
219200
110900
106100
111500
109600
108600
107400
141000
107200
112200
117900
112200
113000
104900
111900
113100
119700
111500
107000
108100
112800
112700
111400
110500
112300
112000
112600
117500
113300
107300
113100
163700
128100
76800
86300
111800
113800
114300
117300
112500
114600
113700
113000
114700
114500
174400
113400
114100
114600
114300
114300
117800
87600
114800
115000
117800
117800
114800
111000
117600
99500
113900
85700
116400
94000
111800
109100
196000
112600
116300
116100
112400
112200
114400
114900
81200
102200
116100
113500
134700
63400
61100
71100
60100
116000
114200
137200
115200
108500
119700
117500
194600
114700
114600
109100
192900
117700
118800
131500
111500
118900
118800
124700
135100
116500
110300
118200
117900
112200
116600
118700
120500
194600
104300
111100
152500
143800
196300
151500
173000
117500
117900
115200
187900
123300
199500
90000
150600
123500
183400
91600
115700
129500
119100
118900
115000
301700
118300
119400
158500
126000
117600
121200
115200
146400
123400
117000
119400
119200
77100
155300
119500
89100
118500
119700
114000
92600
118400
108900
96300
124900
119900
68900
109200
62300
68200
194400
120700
116200
121400
112000
121700
121900
116800
118500
118600
122200
114300
123300
143700
115100
117300
105100
115300
154300
117500
121300
109100
118400
174600
117300
121600
123600
117600
121700
115800
120800
121700
133800
184600
123500
117800
150800
125200
119700
119200
119000
121800
126100
145100
116600
119100
242000
121400
121600
123700
142100
90500
115800
125300
124700
139000
128100
116200
159500
123800
132800
122100
126000
174900
121100
244500
121700
93100
120700
117400
126700
124000
122400
163100
125800
119200
123300
123500
122700
133900
72000
68800
67200
62900
125800
200600
121300
127200
180100
117600
154000
127300
129400
122700
115000
127600
120000
121200
131200
121300
114900
124600
122500
117200
127200
121900
128000
126100
121700
124000
123900
122900
165400
128600
121100
133200
123500
136500
125600
109500
124800
121000
122900
125600
123900
127800
75600
178700
127400
124200
128700
126800
127700
128600
166400
128400
127700
128300
125400
123900
123100
127500
131700
122300
122200
125100
128100
125200
126800
130600
158000
129000
125000
125000
191100
229600
138000
200700
125100
129200
129900
130900
134400
71500
70500
65300
66100
132200
129200
167400
127200
129000
130500
123600
129300
193500
127600
130400
126100
129900
127700
129200
96200
122600
127200
131500
120600
124000
127800
131500
131900
174900
125200
129800
130800
128900
129500
189800
128700
132000
121100
145200
127100
133000
130800
125300
127500
131000
193900
187800
155000
203500
132000
132700
128300
130200
196700
119700
133300
134300
130800
134400
130100
133700
129400
132300
129100
133100
129300
128800
134000
131700
134000
203300
173000
132500
133700
134600
132400
126900
171600
129500
132200
127900
333700
137900
78300
76700
70600
77500
132200
133900
130900
131500
138100
134900
130800
140000
133300
132800
135100
133800
134100
139400
133900
136700
169000
137300
136500
103700
136800
191100
132600
137300
131200
134700
133900
135500
131200
134500
133400
135200
134800
168300
124300
132500
135700
129000
142300
137800
133100
133400
143500
139500
136700
137700
122600
130800
136400
238800
134400
106800
138500
135700
132400
138400
135900
158000
131600
188000
137100
82800
136800
133700
162000
136300
136700
210500
138000
140400
172200
136400
141300
132700
141300
140900
72700
65600
70900
70700
138200
230300
138300
137100
132400
134300
133300
138400
138300
135900
135500
139600
135600
138100
141100
140600
138000
137300
140100
132700
132200
141900
235000
145000
138000
138400
137400
135300
137900
137400
140900
140500
163000
140800
139800
241800
140600
140100
142100
227300
143300
142500
139500
137600
142900
140400
137900
125800
140000
134100
140800
143200
134900
143800
144300
138300
140200
140200
139700
136000
140600
143000
138100
141100
111600
139000
142300
141400
150500
202300
149200
128700
139400
399800
75800
75700
139800
223900
209300
138400
138800
139800
139100
139800
144400
144600
138500
142500
138300
183700
140600
143000
100000
145400
143200
141500
133800
143500
137600
138600
144200
139200
146000
144900
144600
144600
137600
143000
146600
198600
144800
145400
141000
140900
138600
92000
143100
118000
272600
151300
141300
144600
139600
144300
111200
143700
144400
143900
145500
141100
147400
143400
157400
144600
143500
144600
145400
143500
138200
146100
167600
140100
146700
145800
144800
79900
79800
73900
224300
148000
142200
138500
146900
145700
175700
144600
144200
144600
145300
143700
141000
147600
145900
213500
146300
146000
148500
130500
146400
139400
143400
207000
148300
143700
148100
147200
143800
148800
147200
250900
148700
235400
146800
143200
147400
145000
141700
149000
149700
147800
141700
119100
148000
146600
94100
111800
171500
176800
207300
152400
148000
142500
148500
144500
149400
143100
146500
218700
144400
146900
168700
150800
143800
141000
137300
148300
150700
139300
151000
184000
148300
208400
214600
84800
78600
152700
145200
146700
151100
150400
144400
152500
140900
151600
146200
146600
151900
148200
147800
146700
147000
145400
152800
324100
191900
240700
239700
241900
190400
151700
270300
136700
153100
147200
153200
179300
152900
154000
172200
152600
146100
153100
153900
149900
117900
116000
235300
148000
151900
152700
161200
199700
142300
161900
150500
152700
152200
150600
154100
152700
152200
154600
174000
152200
152300
149300
250800
152200
152500
197500
88800
87600
78400
78500
154500
152200
192700
149000
149800
155900
153400
157300
154100
158600
155000
152100
156200
153500
153200
154100
156000
155700
155500
154500
157600
153700
154600
150500
158700
155800
154600
252100
210800
155200
145000
199400
150500
117400
154500
157300
150500
155800
156600
152500
153300
149900
155500
148700
153400
151900
156900
149000
153600
153800
156600
155800
149400
152000
153800
157000
155200
154100
157000
157100
141400
157700
152600
158000
157500
89700
87500
84400
85900
247700
156700
152900
156800
154900
155700
158500
155900
178000
147900
156800
155100
159100
161700
157200
158200
160500
154000
152000
152000
157300
156800
162000
158500
163100
157800
156500
153100
156600
159500
159500
163900
155300
156400
160400
161800
157200
160200
163000
258000
413700
161000
152400
158200
154100
161200
164100
158500
159200
158900
171900
212900
164600
159200
159200
159900
162300
181700
224100
182200
160300
159700
165300
157200
153200
161700
162400
101100
92800
90400
159900
242100
154500
149800
162100
160700
160400
165100
259200
156500
160500
162300
163900
160900
128700
168000
152200
161800
125600
125400
126200
222000
169600
160000
165700
160500
234000
160300
367700
162200
161500
158400
159800
163800
164600
199100
209800
206300
208100
207100
216800
164300
143600
160100
165900
164300
160500
155900
164400
166200
201700
163700
160400
162600
162500
164100
162600
164700
160700
280500
164000
168200
128200
145700
159500
160200
94300
98200
96300
101200
166000
167000
164600
165900
164400
161500
161900
158100
166600
162900
165900
162500
165900
160700
165700
171600
157900
163200
165900
170600
166600
168000
104400
167500
165100
164000
164900
169700
164400
167700
164400
164400
168100
167200
126500
161900
168400
168000
329200
314700
165700
162000
169000
165600
335400
176200
166200
153500
168600
162800
163700
272800
166800
169600
150800
170500
166100
169500
175200
165400
243900
167600
167700
164700
167700
95400
95100
87700
88300
168500
167000
165200
169700
172200
169700
174300
169900
169400
164400
168000
204000
170200
161100
192100
167700
163100
129200
169200
169100
171500
122100
168600
197600
205900
167100
165500
170800
167700
163600
174900
167200
169800
169000
171200
172400
170000
163800
226600
163800
167200
171900
168200
194000
168000
166800
162600
175100
167900
171800
163800
172600
179800
170500
168400
163700
168500
321900
169700
184700
167700
172600
172500
170500
168700
166100
177400
171100
171100
182600
98900
94500
88900
172600
167400
172100
172300
172400
206200
176500
168300
172000
169600
136600
174600
178000
166800
198900
171700
170700
174700
165800
168200
172700
165600
181800
169500
173500
170600
170300
173700
173300
175300
174300
174400
172100
173200
174300
174600
173500
171900
166800
177200
168500
199700
373100
175800
173600
172900
173500
171400
182300
168100
170400
153200
166700
199900
173800
167300
305400
170700
174800
167000
292600
171800
168700
182600
107700
118700
94900
93000
170200
171800
179100
223700
231100
224000
230600
498700
388300
224800
253600
233700
213100
228900
176900
178700
175700
176200
176800
174100
513400
177200
177100
172300
178300
169500
244500
134900
174700
175600
178300
176200
169500
170100
303300
174500
179400
178300
177800
181400
180600
188300
244400
177900
183000
179100
180800
182300
178200
175800
177600
175000
176000
179700
180500
173500
178400
175500
179900
193300
181700
181400
430900
107300
106000
100300
176700
189100
181700
207100
177000
231800
228400
231900
224900
416000
230000
397400
211500
178100
173700
221300
142700
111900
146000
177400
179300
174400
175700
179700
181500
179800
178400
171000
180000
181000
165500
172000
177400
174200
177200
323500
184600
179700
173700
175800
364600
179900
176700
183000
438600
183500
175000
232000
179100
192000
180400
176000
141500
179000
197800
179600
232200
183100
178900
170600
187100
188300
109600
106500
101400
179700
176500
301200
180400
183100
183700
187700
187300
181700
180800
179600
328000
187400
211100
179500
135500
297800
185300
179500
184100
188600
184100
184800
177100
181500
184800
181300
183000
181900
178500
180900
241200
237500
240700
232400
233400
235400
238000
237100
240500
233500
230400
233400
230000
239600
231100
240300
228600
234500
234900
234800
232300
293000
289100
289700
302900
298300
122400
108600
106300
180700
184300
190200
178300
182100
178800
185300
187900
182500
325400
174000
186100
178300
271800
181100
188200
198400
189500
182900
185900
188000
184000
182500
189200
186700
182800
200400
183900
182800
188900
187900
187600
185900
185300
184600
183500
186700
185500
189100
186500
180700
179700
262500
189500
191400
179800
182600
181400
188600
192000
187300
178500
185500
188400
183300
243600
189000
190300
184000
147500
188200
182100
188800
185000
190400
187700
192000
188500
192100
152300
189200
110700
112900
100300
183600
221400
182400
183900
188800
190300
188000
96600
186800
187000
189300
273400
190400
234100
226800
191100
182400
188400
190700
188200
190000
186100
188700
187500
190500
193400
186200
191800
190000
248100
184400
185500
184800
195500
187500
183000
191500
337800
188800
192100
238900
185800
187700
189100
183100
186500
188800
191400
183100
193500
187400
191900
187800
190700
216100
185800
213200
193500
184100
186300
193000
196900
189000
105200
104500
96800
193900
190100
190000
271300
195600
186400
196800
195400
226000
186800
195200
192200
189700
191200
265300
191500
202000
194600
187000
193700
190300
195300
190400
193700
239600
194900
195000
190000
216000
195600
171000
185700
192900
181100
188300
191700
198300
282100
201100
192700
204600
188700
189300
193400
190500
192000
190600
226500
197500
252400
190900
193900
196100
197100
179400
197700
193500
193700
197700
109600
216300
126200
117800
105900
103000
187200
198600
188100
196300
202200
195300
193400
193000
190300
189700
268100
193100
275300
194300
192500
196500
193900
231600
198300
197400
188800
196100
195000
233100
194400
199000
192100
196700
195700
197800
196100
200500
202100
199000
195200
198300
195700
218100
195900
197600
197300
195000
226500
200200
200200
196600
194700
202100
192300
196400
201500
198700
195600
197300
198500
113600
104800
105900
202000
195600
205100
201600
200400
201200
195600
197600
203200
203600
195200
187600
198100
202100
196200
196200
201000
213700
200400
206500
201800
197600
194700
197700
202900
199400
253300
201400
198300
272300
198000
193200
197000
200800
199900
193200
209800
208600
201500
201700
197900
187900
209300
202100
193000
200000
200100
199200
201600
199300
198500
203500
365200
206800
210700
229500
200000
147500
401600
110000
105900
204500
200200
200200
202500
201400
200900
204400
203400
262000
204100
200600
230500
213900
200600
194600
207600
288600
219600
209100
210400
229200
203200
215700
202500
207100
214900
218600
205700
419100
209100
203300
200900
210500
201300
202200
205300
201400
205600
344200
256000
203500
410200
208700
210100
210100
208800
211800
204700
203800
210300
221700
212100
202500
205000
247000
206900
202500
205400
211000
460200
212900
432400
210900
211300
207600
324300
111300
109100
118600
197600
204000
202200
202000
208800
205000
244700
205900
205700
204100
216700
377600
206600
207700
217300
208900
200500
204800
263800
264800
266100
327700
333600
330900
329000
293600
293100
304500
292300
305100
316200
296300
296800
335800
292300
291800
285400
288500
296200
336000
307000
296800
295100
298000
297000
289400
293900
417200
286500
295500
424000
222500
116000
114300
297400
106300
211000
209400
208300
201500
212000
207500
208200
210900
208300
206900
374700
217400
201500
132400
213800
198700
215800
196900
220500
218200
135800
212900
134300
211300
239700
211800
215900
218600
218200
427900
198800
219400
514800
199600
246300
204800
218900
214900
314700
227200
214000
209000
215000
208500
160200
215900
233200
210400
423500
229200
256400
216100
216400
216700
239300
122300
109600
119000
435900
360200
208900
209900
209400
210300
216800
215900
216300
210500
211500
208700
206400
209700
213600
210000
210000
210700
258300
209500
211000
213700
211600
241900
275200
215500
215000
210800
214900
204600
216600
217800
214000
213500
275900
332200
325500
292100
332400
289600
294100
299300
298700
298000
301600
299500
307900
313000
291700
317800
121600
119500
266400
204200
215300
214900
209200
217100
214400
165900
220300
271400
208400
212900
266200
210200
213900
214000
213500
222200
216000
217300
219700
215000
212000
221200
215800
389400
216200
217800
208300
208500
200700
213900
217300
211500
341900
214300
217500
212300
212000
216400
208900
217100
214400
219300
215600
108500
215800
216100
215900
219500
279500
226200
116900
119200
117800
121000
244500
218900
214300
213400
241900
216500
219200
220800
345700
334400
309700
314900
372400
306500
117700
214800
216000
219000
218400
225500
219700
285600
217800
215500
225300
229300
221400
215300
210900
220100
220300
219700
215200
211700
314700
215000
219000
354300
283200
283800
269100
275500
707400
131600
127200
116600
129300
217000
218400
220200
217500
219700
220000
223100
223300
220200
225000
281100
283600
279400
279400
284800
526000
295200
216800
223700
243400
219300
222300
222700
223700
218700
223000
214600
220600
220000
220100
218700
217600
225100
206800
219900
214100
222700
217600
222300
226700
218700
215400
223900
224900
222300
222100
221900
218200
222300
223500
224300
223100
230600
123600
119900
115300
212400
225100
335100
221500
214000
226200
216500
226500
222400
215600
223900
231000
206200
225300
225400
225600
221300
216600
226700
224300
226400
224700
222900
225600
224100
217300
223800
224600
229200
219900
226300
221500
222300
227900
231200
220900
227600
226600
231000
220600
227400
218400
235000
222400
226200
223500
222800
224200
222600
227900
230600
228000
225900
219500
224300
228400
229000
232400
238000
134700
133900
121400
122800
228400
235500
223800
228600
228700
215300
219500
216900
222800
228000
229000
227100
227700
218800
227500
358200
221300
234300
336100
228100
263400
428000
225700
229200
227500
226500
232100
230000
223800
231000
229100
223700
225700
228700
229900
239000
226100
231000
226300
226000
220300
229800
231200
264200
446000
226300
233600
238400
126600
123700
130000
136100
129200
130800
230000
231600
221900
229900
232000
225000
431100
249100
238500
139800
133300
132900
239400
230300
233700
234600
237100
236700
448800
227200
231200
235100
230200
411400
234400
280600
237100
232200
236800
234500
226700
252300
230400
649000
221800
493800
274900
229800
238000
280000
228500
230200
232300
230200
343300
230200
223300
230600
123200
243700
225800
236100
222200
248300
137000
145400
235800
226200
234800
499100
233900
239700
245100
235800
235200
271800
257800
185500
131800
438000
133200
140800
141200
534400
143400
144400
145500
154300
140700
137400
155900
136700
364400
174000
230300
234500
228000
225500
234100
224200
221800
158000
171000
149000
147400
145900
147400
359400
137000
175200
127400
125300
166700
165400
228800
234400
233700
231300
235100
242900
236400
236500
234100
234500
229700
228200
239000
241600
285400
477400
324200
127500
140900
238600
242100
246900
270600
243300
465100
193600
523000
186400
433400
244800
238000
244000
140600
129700
235200
229800
236700
234900
244300
251400
461300
238100
236600
247000
246200
249200
130100
235700
256600
237800
243400
243500
557700
234800
239100
239800
235300
247300
242200
262800
230500
238600
229000
244300
229500
236900
240300
241600
236900
235700
235600
253100
235300
253300
370600
243000
220600
241300
392900
238700
244200
230800
233200
305900
237500
286100
235400
237600
239400
237700
347900
232800
236800
241800
242000
250900
161900
131800
128200
233600
248000
314200
315500
314000
323300
593100
312800
355800
202500
190700
238700
241600
250000
240500
236300
243300
162500
152800
153800
161600
513500
159600
128500
145700
130500
235800
272300
248700
250100
249700
250200
244900
249300
257800
243300
242800
378600
249100
240300
248000
272300
241200
638700
308800
313200
327100
329900
380600
321500
334500
146700
148700
183100
137500
244900
246700
227800
241100
533800
245800
257900
237800
243700
423700
249000
234900
235300
233700
247500
255600
246900
252800
246200
241900
428900
244500
245700
236900
277900
421300
250500
235300
234500
249600
245500
241500
241900
241900
245600
237400
347700
520200
344600
350100
416000
242200
252900
318200
324500
245900
326300
239700
242100
244300
247100
269900
151100
147200
143900
134800
231700
347900
248700
250100
254100
348600
247900
252300
251900
473300
250600
249400
251500
247300
240800
245100
245900
252000
247100
336200
243700
246000
298700
264000
247500
260900
249300
251000
247800
247100
247200
240300
250700
242200
239800
249900
248900
469700
247800
247500
248600
238500
250100
250000
247500
249700
249100
249500
245400
249400
307000
246300
248900
251300
257800
138900
139600
463700
242500
249800
242700
248800
249600
246300
251100
249200
245000
345800
255300
392900
257300
243500
250200
253500
250700
250200
246800
254800
252500
245900
242200
252900
254200
261400
251800
249700
247000
260300
248100
248300
248500
248900
255100
253800
253800
262100
322400
253500
243000
472100
234100
253700
251200
135800
132300
187000
243900
243900
254100
136000
136400
127900
253200
251700
250300
252500
372800
262000
246200
254700
246400
248300
253300
249300
372700
243800
345300
252600
255400
258100
255400
257900
250000
255000
253300
257800
352000
333300
325400
327800
320500
321300
328400
335000
328300
328200
324400
348600
356500
591000
363900
354200
360400
349000
354100
359400
475800
145300
342300
415300
376700
386400
372600
188600
147500
142700
246100
260500
465300
259000
255400
340900
290700
275400
259300
252400
247700
260400
255600
251200
264500
257000
260100
252000
252900
268500
263000
257000
260000
422400
340600
403300
257400
252700
254400
256800
251400
257100
262300
255300
254600
258100
197800
257800
254100
256000
252200
279400
255700
333600
255600
517900
655800
248400
270500
266100
250000
260500
258300
265900
263600
269300
267000
172200
153300
275700
152500
150900
261900
291100
258800
256900
266700
202400
140800
143300
145700
260900
258600
257200
250900
250200
267400
269800
262700
265000
257900
263100
284100
255600
260500
252000
260800
259500
250300
250600
245600
258200
267000
270800
260100
264400
262000
259600
269400
274100
251900
674500
268600
281500
270300
269800
546000
277000
276000
251200
261900
279000
321500
396100
264900
260200
310600
261700
401400
263600
263700
268400
135300
138400
161300
548600
604800
464500
419600
270300
253400
272200
395100
263700
658500
275700
385900
261900
289300
253400
489400
256300
263100
279800
253100
259900
256600
261500
266500
263200
264600
385900
253600
266200
273000
260100
262100
264000
287300
274200
409100
265800
207700
260500
265500
371600
273800
261700
320700
266900
264400
254300
261500
273400
265300
275600
275700
267000
262300
262800
262400
301900
265400
268000
152800
264900
257600
354600
138400
351300
254500
270300
146200
170400
172100
308200
271700
269300
274300
276600
264900
537800
694200
269200
283700
277600
268400
270800
278900
278200
282700
146400
161200
271400
272200
261700
270600
268300
273700
270500
260800
268000
269000
274100
267900
268700
266800
274200
279100
287900
279800
267800
338500
147300
146600
288300
167000
153400
148000
148700
419100
271100
270500
288700
263100
269000
662500
288900
573700
269900
301800
273000
277000
276800
273600
275700
266800
695300
279800
276100
274500
278600
596200
155200
152200
276200
152100
152900
150800
274600
268600
287600
302200
268100
273400
279700
171900
154400
272800
272800
273500
677000
272800
280300
261100
136800
144700
415500
277000
180600
167200
163100
161200
165700
279000
265500
267900
265500
274800
268200
500400
515300
279400
270500
272100
276800
277600
216600
147500
143500
280000
271000
276400
279100
344500
269000
272300
339700
275300
279800
272200
274200
268900
514400
186400
158400
288700
271900
273800
273800
269400
262700
269400
258800
268600
271900
283300
171500
258100
319100
169300
146400
281000
276100
277900
276800
274400
227900
465800
287800
288500
272400
318500
278600
273300
279800
283100
284900
263600
570800
274100
277800
397700
444700
274900
273000
281500
402400
401000
396900
391300
388400
404900
521800
520100
416300
440800
385600
402700
226900
307600
185900
239300
436600
541100
167900
192500
166100
154900
137300
273800
285000
547300
310000
279300
276300
282500
233000
229100
234500
267100
222800
170800
181400
190300
285000
300300
278500
276600
283300
263700
651100
158600
179200
216200
278400
446400
173500
520400
194100
174100
170900
526900
173700
162800
173600
167000
158100
165400
157500
163200
176700
437800
492200
167200
190300
146200
174600
142500
147800
146200
149000
151300
150000
153600
150900
477700
161600
152600
152200
185900
190800
182800
201900
186400
161400
162200
164300
288300
287100
286400
338300
368100
283800
301900
225000
210100
280200
269600
307900
284500
281800
144800
158400
510400
602700
289400
277000
274700
282600
279300
339900
283900
278400
369200
287000
261600
280300
278200
290000
292200
280100
293200
283600
280300
294900
283900
280100
281900
360100
283500
159200
436500
176800
158800
158900
158500
283500
276600
286000
285400
290300
288400
167400
163700
163800
273900
286800
178200
283000
285000
218600
181000
178200
215600
277000
289300
279000
272700
283400
283100
276000
280500
279000
279800
272100
342900
283900
292900
283800
284700
293700
284300
308600
577000
290600
279300
295600
276000
282600
281800
183800
146500
182000
282000
289700
284900
282300
282900
281000
286300
287100
156800
288300
317000
295600
290600
294100
287800
218500
281800
283900
287700
278000
277300
280400
284700
281700
286400
292300
274400
287800
287200
283800
288600
536800
286500
287300
281200
184400
212800
291100
303500
218400
283800
289900
291600
727400
390400
151800
153500
155100
302000
295700
191600
161800
162700
497700
151700
157800
158200
157800
145700
158100
423200
283600
280900
281700
287200
277500
283300
298300
361600
288200
287300
285900
345000
285700
284500
293900
295600
286100
280500
285400
294300
289200
223100
281600
280000
290200
282500
291300
286500
283800
305300
293500
299300
359100
242800
188100
166900
228500
294300
281000
355500
182500
167700
188300
168400
236300
289700
248300
247500
720200
183000
183100
182000
171000
176800
173400
290000
288700
181900
154300
182900
553300
189900
188000
168800
166200
162700
160200
155000
147700
151200
144000
149900
153200
152200
151100
152700
156000
155700
148200
146900
144500
285000
285700
288000
298700
286900
283300
384700
224500
221900
228500
290900
295700
164200
162300
166900
300700
295400
181100
282300
293900
294300
292600
312200
284400
289800
293100
293500
291100
294100
320400
296200
293700
296600
292600
293000
294400
291400
287700
363200
293200
294400
284600
305300
293100
290000
624200
296400
294000
283900
294300
287500
292700
292000
294500
290300
327600
285200
283200
414100
294000
781400
174200
175800
164800
290300
291000
289600
301200
302000
288100
289800
294600
296900
296100
295900
324100
289900
299400
300600
294700
286600
292100
296600
292500
287000
298100
287000
291900
381700
295100
295800
290100
294900
314300
590600
297300
300700
293400
407200
293000
310000
296800
294400
296200
378900
297500
291400
294200
297100
296500
293600
293900
283400
295700
193300
152300
156300
298500
298100
384400
288200
325800
380000
303800
296000
299400
670400
302700
297600
313700
299800
298500
92000
76200
68900
90000
94000
86700
86200
69000
84200
84100
88300
88800
86300
90200
83900
90500
88500
84200
92100
91600
90300
81900
84900
74200
79800
76100
84700
90100
72300
84900
93000
65000
90700
90400
87500
91100
90900
89900
70200
81500
93300
85200
86800
90900
93400
91500
75300
89300
93500
61600
79100
50900
40300
40100
95100
91700
91400
78800
92100
81600
72100
93300
78500
90100
89000
92200
109900
90700
73600
89200
69100
90400
90600
94400
76500
76500
90800
83000
89100
93100
79900
91400
72800
61300
95100
92800
88300
90000
92200
92000
93100
93600
74800
50600
42400
47100
42800
40000
38200
42800
95900
93700
80200
78600
74600
95700
94000
100300
90800
94700
96300
114500
83200
77800
81300
72400
86700
95700
94600
91300
77700
81900
44300
35000
36100
88700
88800
68400
95000
89100
94900
94900
91600
95000
73400
81400
81500
75300
95600
95100
92100
97800
95500
82400
93800
95500
95900
79800
67300
97900
120000
123600
102100
120700
134900
104100
129300
118800
110300
88400
86500
44600
78100
83400
85800
98800
80100
98200
99700
94500
103800
61400
79600
67800
54600
79700
76900
47900
85300
44900
47000
89600
54700
51600
43300
47200
49200
46600
46600
55700
38900
50400
52500
37200
44700
34700
44900
37100
52800
51000
48900
53000
55000
49500
58900
60900
59500
56200
56300
52500
65200
58600
54000
63000
52900
52200
36500
45200
47100
49400
95200
95200
98700
68500
82600
98900
87800
85500
90600
99900
81600
77900
84500
104000
88700
99400
86700
81600
95700
70700
68800
126500
87300
88600
89500
83600
103000
83900
82100
59200
52500
38900
45100
56000
55700
49700
52900
54000
53200
52900
94800
87700
100900
96900
104000
89100
99300
73800
99600
52100
50000
45100
44800
101500
100700
96500
95000
94700
85100
97000
98300
101100
85600
83300
99400
79800
85300
85400
103900
98400
140300
101500
87900
84400
95800
101900
86200
96300
117200
100200
86700
88000
91200
102400
100200
95800
102500
91000
119300
96800
105400
97900
104100
89200
89000
109300
96300
102500
101000
86700
100700
101000
91700
105100
101900
87600
102700
100200
103600
96500
96400
87300
92200
92400
99600
102200
103200
101300
90700
106300
49900
37600
45300
92900
105700
104900
103500
103100
104400
87700
88300
87600
103800
100000
93000
106400
106400
100700
71900
97400
102700
106300
104600
98200
88400
98200
93800
102700
98100
104900
87100
82300
107400
98500
105800
104400
73600
104900
89400
103600
104500
101600
99000
90100
108200
108200
86000
105100
124900
91900
87800
107700
88400
81200
92600
99100
104300
82000
96700
45200
41600
48000
49900
77500
106400
85700
108300
176500
98900
108600
91000
88700
95100
100100
95800
92800
92800
114800
129900
162200
107600
118300
115400
130300
115100
154300
128800
132000
143600
105200
84800
75900
107200
109900
107800
109700
118700
121000
118300
135900
133600
146500
140500
140100
96800
91100
78300
91900
108000
104300
104400
101600
91300
102100
107600
108500
106600
90200
84400
96100
60400
43800
45400
50900
81100
102100
146600
110800
102300
110900
173500
100100
111600
171100
116000
108000
149300
92800
145800
178000
87700
106000
111800
132200
97100
103500
111600
112200
102400
94200
108800
120600
111900
121500
103400
109300
109500
110000
86200
114100
101600
95500
126600
99100
143400
93600
103100
146900
103500
152600
148200
110000
160300
148200
145500
188900
195900
180700
129400
112100
128400
96700
110500
104100
109400
112000
94200
111200
81200
114100
97300
126400
96300
111300
104100
113700
82700
119100
112500
184800
114300
84800
99100
90700
121300
174900
105600
96200
95800
48400
50200
53300
55800
69400
50200
46800
62200
52100
46900
97000
112200
102500
91500
113700
94800
109600
158800
96400
99500
123600
100000
113700
117300
127300
99500
113100
183700
81700
133900
107700
129100
110600
198000
200200
106200
203600
97200
189000
106600
113000
111700
100800
109500
107100
174800
117900
120800
186200
97400
102700
144300
113800
97700
160800
114100
186000
103000
108000
104000
114600
99700
116700
178600
116600
108800
125600
179900
115500
60900
131600
86900
114800
117800
117400
109100
127100
130900
160900
113900
101400
117800
140200
102600
200000
97100
145500
114000
118200
141600
124700
148600
69700
141800
114700
104200
145900
55300
148100
130300
116100
122300
127500
129500
89300
194800
154400
101800
204100
201700
195500
178200
182600
163200
106500
126500
146300
104000
152600
187000
77000
165500
149300
183500
208200
174500
169100
129800
127400
117300
131700
142000
189000
170900
168400
234000
124900
166800
241900
98800
107000
149900
81300
100800
102200
102000
178500
140000
187700
201300
132500
140500
175900
130700
160100
117200
180500
188500
101700
107600
340400
60700
59800
58000
60800
93200
133800
118200
131700
113000
124700
118000
117200
106500
88700
212200
108800
113100
102300
106000
118300
102400
126300
107900
99700
105400
57200
65300
84300
60400
104900
107300
68000
103600
144900
101400
65600
60300
58300
76400
60900
167600
195700
109100
132300
130000
121400
152800
160600
106700
144300
126100
105600
179100
109500
105600
114300
103800
140700
114700
151200
154800
137600
120000
131000
115400
109200
172700
169600
137400
178800
224200
163000
193700
99000
160500
212800
141200
102800
242900
111800
132400
119100
223100
138900
125300
120800
119100
122700
126900
140600
120500
122500
99400
108900
123300
111600
186300
155100
116800
121100
116800
176700
104600
111700
105600
137200
104800
117400
93600
120400
221300
85700
114600
212900
200900
121500
115300
119000
105200
155300
108600
222600
108800
103700
180900
144200
119000
112900
125700
