1986718
22877
3645
3410
3674
3660
4105
3990
4245
2835
4117
4360
3730
13217
4857
5060
4982
5028
3663
5177
5390
5387
5555
4225
4840
4402
5913
4695
6225
6350
6368
5018
5385
6882
5725
5392
5470
5203
6989
5233
48426
6011
7375
8098
6877
6862
8932
8472
6520
8237
6647
6710
7628
6899
7027
6565
13105
7272
402535
8025
7510
6997
9743
14300
9962
14567
9894
9835
10030
9815
9022
8338
32581
6060
6128
6872
6540
11584
7465
7332
37116
5820
4870
6007
6779
6185
3758
6053
4575
6442
5685
4625
5860
7115
9572
4390
4400
4462
5023
6727
5865
10394
5212
12489
7012
6419
4322
3570
6877
4535
4788
4852
7022
4380
7290
5123
5023
6907
4275
7677
7632
4350
5712
6430
8367
7635
6833
12124
8225
7990
6205
8480
12442
6115
4445
6310
8305
4695
5448
8442
5680
6685
9052
9027
9112
9820
11304
38464
8429
7795
5262
5472
4862
7037
8577
7177
5135
6035
5278
5462
5955
7447
5543
8638
8665
5357
7005
7197
5320
6984
7653
6830
6923
7043
9432
15782
6767
8227
7877
7290
16130
8085
5235
7377
8765
6527
7012
8837
6508
10154
5970
7955
9030
10767
6857
8307
5745
6135
13679
6067
8155
8780
7970
10290
9797
8992
8972
10210
8870
10270
6735
9104
8635
11810
7245
8390
7362
10352
8218
6560
8558
6467
9150
9480
10303
10762
10653
21562
8963
9018
9549
12247
9430
6547
7470
11100
6677
10063
10917
83135
10032
25324
7435
8185
7577
7900
8490
3563
5970
6195
7675
7845
6266
6635
6720
28222
9774
8447
6772
8750
9235
6287
7847
7920
9512
4337
6975
6182
7037
3850
7444
7202
4985
10250
27324
10022
3715
9432
8252
8497
8947
8328
7430
3982
8875
8570
9273
6210
3752
6970
6475
8272
6945
7990
4950
8168
4940
2920
8110
7327
9562
9237
7350
9575
9065
9385
5907
7095
8263
5508
8123
7693
3795
4178
9152
6530
8849
5155
7628
6930
10032
8185
5260
8565
7449
5167
8830
7250
9344
7687
4300
7795
8565
6385
8667
8464
8640
10405
4197
6343
10442
6618
10312
8070
8767
10692
8687
10738
5087
4565
8342
5127
6022
10467
8947
8552
6347
4612
10079
4882
11665
4845
4763
9809
10287
11245
9680
11278
10857
10102
9690
10572
6110
10569
9730
9702
5240
11125
8055
11290
9897
10507
11282
10920
5725
10152
12020
8958
6797
11540
11655
10463
9832
5381
12014
9793
11739
5614
5248
10918
11360
10407
10687
6457
4860
6100
11022
12389
12560
10920
8297
12094
11017
12030
10987
11184
12372
12265
11117
11557
11782
12060
5360
5575
9743
11647
10067
5700
11835
5149
11835
13682
11847
5430
11435
5572
5680
13235
5707
11218
6113
5622
6683
7955
10585
5732
11560
12322
12080
6263
13245
6143
12784
14244
13282
12570
12613
12902
14332
13452
60818
12580
5372
11597
9450
12542
9013
6485
11210
11975
9622
5934
14167
13765
6315
7262
11847
7485
6145
12217
5537
5588
13617
7449
6462
13007
11252
6474
14690
13615
6265
14412
15177
6732
13722
6620
13500
13397
13840
6775
7514
13975
6537
13767
13910
7118
12855
14089
14742
6762
15142
11210
14000
7875
14522
7810
15112
15413
12228
14430
12674
14467
7138
13869
13795
13888
11090
8053
7102
9600
6900
15594
6615
7573
9190
6942
8615
13164
5845
15035
8015
15808
7692
14837
7048
9012
15627
10695
7465
14747
15432
15869
14700
9120
8760
15452
7300
7997
8445
15987
16275
15154
15280
6663
8614
16880
10179
15912
20005
15722
14910
16517
12470
7732
16634
15597
16922
8050
7540
7855
7143
9682
6453
15655
8038
14842
6397
14947
16834
7749
61521
7447
15144
8164
16140
15309
17189
16489
15223
16194
7555
8930
18642
15767
16889
15820
16432
16790
17329
16677
16902
9032
9987
16967
16612
16737
16189
8047
27510
17109
6782
16169
17195
10073
17432
17097
8232
7990
16215
17909
17357
17100
19252
18169
18195
8697
18280
11030
15685
8328
18455
8447
8424
11415
10658
8332
17782
18732
10100
8955
18272
17912
8848
8464
7732
17679
7270
18124
18970
18970
18987
20002
18862
10242
19532
18160
11037
18260
17930
8903
18352
18457
17522
10895
18242
10567
7427
8822
11864
12115
10379
17120
11770
11027
18645
10954
9047
18825
8933
10930
11040
8652
11295
20107
19169
19297
9210
19177
11407
9287
19060
19332
9633
18684
9607
18500
18617
9592
9419
17849
12175
20189
18472
20547
18952
19798
9662
19735
20604
19232
19212
9713
20077
18940
9814
20722
19097
10912
21142
19424
19900
21807
8285
21217
10900
11287
13055
11077
9125
11352
14720
10572
20190
13222
21347
16582
10280
20505
11412
20544
10798
19447
21250
12182
20322
18957
17992
20147
10227
9467
21712
9010
20817
12582
16758
20835
20872
11427
21872
21242
21129
9870
22035
14077
11499
20597
20472
15265
10037
20789
10115
11434
20374
22622
11740
21870
20577
22102
10257
11050
20235
13134
21526
19789
10174
11722
10985
21297
23122
20362
23362
10149
11318
13349
12745
11868
10970
21617
11065
21522
20532
21547
9458
12318
22145
12077
10877
9842
16997
22982
12299
11262
18414
23857
12195
9627
23075
21910
11107
22795
11883
11677
23602
12615
10685
22025
22160
11782
10285
13115
12032
21087
11785
23529
13144
13698
11222
23359
18355
14730
23272
12189
11723
16652
22532
11270
11372
22132
20145
14260
23382
11685
28884
10613
11987
18175
23559
12497
15957
11065
13379
24390
12642
25102
24564
19222
22914
23656
25007
24342
9825
23870
12812
24809
22929
13985
23201
12630
13957
23702
23437
13885
12752
22439
12580
17037
11518
12177
12434
13234
12437
13328
12765
12497
25059
14365
11047
24195
11820
12783
22937
12787
24962
12840
13240
11830
11704
12085
25000
10573
12093
14677
14582
13762
19530
26729
23232
11642
13364
15125
24769
13429
13555
17260
24769
35172
13165
14642
18947
13362
13620
14689
26224
12002
13295
12994
13375
12402
26767
11967
13610
25770
14477
17257
12520
26017
13790
20158
14739
25607
14434
19000
12945
13789
26942
14122
26307
14812
24987
25494
11818
11534
13805
14100
14437
39077
13850
25622
14240
14294
26676
14710
12627
14720
26512
25765
15407
14732
14965
25866
14080
27152
16004
14715
28197
26867
12332
26942
27482
15755
26559
15654
23259
13922
27085
15127
27544
14287
20487
13857
16712
27262
14587
12905
27569
12787
27507
13713
26164
14982
27440
16230
13192
21587
18228
14132
15672
27499
22304
15652
27714
21272
15932
21004
15717
13750
12747
28441
27752
27862
15937
28515
13427
15662
28519
28204
14722
20487
28902
28674
15815
16002
28772
16779
16209
15360
19167
27964
13300
18860
13090
29047
23047
28899
28840
29044
16555
29062
23462
15580
27442
27512
29509
17202
18357
15057
27464
15635
16455
17192
22260
16942
28804
40167
19942
15419
16822
28136
20854
29339
18967
28402
27557
29191
21276
16977
30560
16355
16260
16432
17427
29772
30474
17444
23009
16948
15479
15140
29881
16827
27817
28172
27711
16242
29019
15487
28957
22914
30371
16967
21667
17410
31500
17822
17702
15810
17242
20725
14202
21182
15215
31809
30719
32234
17324
25866
18302
17820
16650
30709
31216
17324
25464
19331
15877
31167
32177
17029
31677
17920
18937
28357
17627
31254
14802
29669
17240
31179
31230
16819
17199
29262
23461
29872
30646
30814
28752
28977
32354
17007
22277
15280
21295
31204
16062
31377
14786
16359
24442
32634
17390
17320
31544
18945
17244
18402
31539
17529
16640
24939
17565
24097
32231
17522
21811
41804
18447
32209
32397
15900
16130
17387
20937
18267
17152
18254
25014
17217
33119
31041
16020
16902
17090
18044
17482
32832
19949
18128
19477
19010
19867
18797
33812
18604
17862
17660
32947
18810
19384
18704
17278
33797
17009
33674
19285
19722
18514
31119
17969
19097
19827
33247
29440
33396
28035
19374
31994
33442
24295
19602
20829
31955
19542
33696
24232
33632
18854
19979
32994
33857
33899
34561
24982
32454
19861
35252
17252
18414
35626
19452
19417
17485
19459
19908
16852
18132
35811
20145
25314
17702
32909
19359
35431
35042
19327
20747
33147
27772
18594
27117
32817
19715
18269
17279
20922
35007
20369
21060
17780
20622
19770
33534
18640
34957
16740
22615
35244
19659
23999
35415
21465
23054
35139
35282
19984
35777
20459
35579
18889
20578
26530
19320
27774
22757
22310
19257
35646
22069
23027
20955
36361
23037
21676
36787
19610
22367
20309
21070
20557
21307
18203
22342
23917
20750
19552
33471
22327
27907
21750
22047
34334
25194
33894
35147
28607
21349
23619
21649
22187
26679
34224
35374
35472
20424
23046
34656
22307
35671
20815
36681
35586
23716
28599
22488
22862
22262
22552
23912
34807
19512
20994
34112
21962
22724
20680
30901
23314
23574
23575
22410
19250
23272
37274
21144
37371
37734
22497
23179
31092
22645
34624
23872
21945
21599
23407
18607
34777
21710
38674
24594
24614
22135
24660
27229
25142
38662
20957
21260
21039
23982
24571
21404
21879
30280
23167
25547
23952
25321
36134
22714
23119
23109
25652
38299
25247
22322
20557
18358
25817
22487
38544
22242
32255
47059
25222
38074
38489
37829
24914
38849
35279
23940
38147
23302
23894
22747
26099
40027
20420
28994
38649
24294
39621
38586
28919
37854
25359
38731
36419
26755
25162
25907
39529
32991
38844
40302
26280
23162
38891
23565
26912
36906
25859
39800
25074
24529
24627
25027
31679
38884
40312
23174
26142
40606
22630
26836
40465
23617
38174
26907
27544
24971
25839
23667
39094
26817
20857
26432
25587
23901
26650
26295
25172
27384
41591
28337
25797
24394
27337
29024
25266
27374
25039
23422
26587
27242
27040
29262
40656
39467
28122
27466
38669
27214
28917
29326
24471
27485
24557
28799
26127
38674
29579
25989
22804
25660
26877
27167
25112
29390
32789
23972
23234
41771
42612
34784
26269
29847
27524
30429
28682
22144
29709
28094
29869
29831
31214
27592
27894
28036
29409
28357
28432
28444
23022
24453
42501
37329
26122
27997
30987
41954
43124
25209
27219
25440
39299
26244
30359
30009
27277
28299
42262
25744
42699
29771
28955
29944
42484
25195
28654
30002
30242
31554
26637
36219
26329
29289
30312
32029
30649
43962
30469
30680
34606
43304
26166
32054
32367
40172
31806
38096
31832
37654
31774
31717
50681
28974
28882
30442
35122
29564
30409
32512
44179
30559
32445
29597
56891
45064
27557
40332
26107
32872
28042
43664
30704
35729
30054
32434
44592
27232
34244
27620
32722
30085
57194
34049
33184
33922
26429
36402
30069
33736
40949
45821
45756
28727
30987
33006
33799
54046
32046
29511
39839
33294
34497
31524
46101
34959
32162
31467
31782
41736
33314
33806
35022
32216
45587
34139
29679
40754
32326
33006
33779
33392
28100
29577
49516
44872
30469
23442
34259
34784
33267
36844
43446
34904
46186
33030
41339
32094
43394
46437
44736
31526
31439
41607
45544
34699
46657
44719
32971
43844
45554
30417
35172
35124
46741
31929
45492
34234
46786
34242
32517
27264
30016
35677
35214
36021
32742
35604
28687
39623
34289
46996
39832
32276
34042
33067
29425
34851
33259
29306
37024
35589
47404
32014
47096
46612
44729
47356
38229
33516
37169
47626
46779
45896
52999
34809
46016
33799
32509
48046
30536
47841
44467
34177
33709
33459
33802
35947
40597
31699
29922
47496
37157
33119
32815
36607
34184
35639
43171
42387
44341
37361
37257
44614
37702
32442
43056
47738
35634
41047
47999
36854
32072
45574
34062
37216
32464
36926
57244
39106
49147
35744
36039
33480
40219
40604
49503
36969
48624
48562
38102
29735
47424
38194
39974
43206
34034
35102
48441
35517
36547
43439
35031
35710
36691
36517
32987
36597
35815
35756
39829
38821
44169
36759
36571
36092
40477
42266
39884
38089
36697
35952
36979
36887
35302
33384
36991
45856
34172
38120
39444
43099
44611
35312
40017
34737
50684
33164
38342
37864
37279
39464
36722
30804
41424
35811
37321
39828
52258
48188
33159
50464
54034
39434
37779
35560
50956
39494
38494
49859
41931
36917
49338
39101
46999
48776
50367
40929
40603
45946
39067
42882
42269
39596
49401
40041
40991
34166
42294
46114
41419
40469
39191
40424
34817
40639
35019
35756
38626
44421
51861
39531
35817
42414
41381
39851
34431
44796
38492
39408
43334
51279
37506
43351
48024
37204
38816
38862
56991
41569
41107
51226
53049
43072
42501
42341
51474
42911
38054
39716
40589
49309
42970
42334
42207
71869
51893
52988
47569
53004
43682
45361
36447
36087
44479
42436
46372
41682
61768
51776
52191
43524
38132
40294
52531
43084
38026
42484
43786
51091
47418
36871
44244
42066
58548
45356
51222
44694
44756
39887
41239
38372
40261
47832
45924
38749
40256
44997
45594
42582
43567
48481
31381
61701
50704
50692
37822
41649
51326
45879
54394
37329
48794
46641
53711
78183
45644
34165
53443
60961
52689
54402
54134
54617
50736
44964
43924
38864
44232
49099
48627
51549
46461
40536
43669
35524
37646
41062
48804
46174
53949
54993
42359
51549
42032
44259
44727
45257
47139
42846
44694
54561
43619
43989
49289
41016
47976
54391
53844
55934
46997
41124
44151
47169
48802
45444
47931
45234
51976
46839
36992
45629
48989
54391
37749
44884
42216
45654
48108
40342
48076
45839
45701
49389
47456
45658
41749
43969
46629
53466
45859
56409
42159
45119
47234
46226
53866
51151
49362
45101
47846
47857
46481
50321
55604
45346
46762
50166
49628
44001
50029
50538
47261
42659
44779
46607
43903
57089
48551
45839
50733
49126
50394
56666
43353
54821
49034
51111
47384
52219
48897
44824
51543
57656
56431
50719
62778
56641
51091
50351
51151
57126
47574
55303
54521
50648
52042
51386
57056
49356
52139
57611
48616
43761
48554
54731
50724
44546
44794
44577
62875
46841
52521
44534
54174
53904
46198
55682
57792
52347
52912
56856
58694
43591
46649
49729
54611
51901
95450
68041
49616
43609
46934
63484
49344
65305
51586
50829
51963
50386
57403
49149
54269
55973
52601
59402
43404
56159
50689
52988
47829
52474
41684
50216
50333
58914
58791
52276
53006
46946
49646
53841
54701
47811
52301
47189
54621
55196
52882
52206
53101
53184
50101
51933
52318
65615
62244
63024
51131
52522
49567
53183
50976
45886
55699
47904
53734
48019
59703
45461
47721
45271
54206
61171
49246
43212
57036
52861
46294
60094
49099
50414
52141
52364
51542
49619
48326
56736
57746
45859
57976
54302
53201
55106
46889
56101
56064
62246
50141
48506
49232
53451
53348
54396
61566
51911
55628
55436
50341
57461
60346
50794
59724
44844
56356
49347
47419
55991
46554
50456
55893
42288
54176
47377
58474
48999
49361
54618
55931
55999
54554
56203
51931
60863
49554
58073
56654
58074
52061
55296
62461
60315
60296
52669
53594
54534
46561
51988
56654
55671
56063
61726
59016
58537
55814
54818
70433
55074
63551
65889
51696
56613
57189
53521
53401
60608
49404
53576
52176
51711
53084
52878
52786
54788
62644
54578
61676
56541
57448
56424
52169
56161
57276
52341
56904
57729
67381
58555
55811
53779
60093
58536
47037
56419
63306
51527
62166
59845
56303
56970
55618
51039
59346
62711
57908
55999
58474
61611
56721
63812
56148
59171
64241
57428
68778
56959
52676
45869
58594
57983
63116
63296
66726
63048
60866
53281
59988
56279
60135
59079
57978
63666
58914
54829
65273
58871
54671
56526
61516
59386
60403
49336
64373
55456
56581
72281
58963
57641
52941
48549
57669
61369
65758
64908
60841
59159
53466
47429
64418
53404
58378
61969
58240
60339
70343
62321
67291
56906
61364
57476
66314
62099
72281
64851
57916
66629
68396
65406
56792
60670
61353
57773
54816
58341
59864
56371
61804
59293
59936
65211
70881
62841
62011
63683
61298
58946
66871
61356
54834
86848
60083
68186
61614
62803
61923
57578
67240
58635
63376
62808
58518
62954
62438
65551
63654
57479
60101
62174
63983
61503
63066
55048
60763
60586
58424
61854
59446
64564
56673
58708
60994
72095
62053
60678
64176
63346
64281
56069
64593
63118
63679
63768
64326
61125
60454
58941
64368
65560
66841
59669
61314
66478
63353
60451
65236
61443
58364
64486
57858
69248
52091
66071
65878
57974
56498
61876
64761
63983
62776
74736
73501
65233
58932
59958
61800
65029
64956
80501
62274
63629
58251
65626
67544
75088
62461
66248
59624
61641
63113
63678
69505
60763
57821
66806
70583
62114
66919
62929
73448
69510
59713
79033
65314
67271
65291
67226
56696
64648
66278
75006
67828
74860
60192
63451
63103
61986
68183
65931
65746
69369
67503
67253
67201
62484
72283
74051
62456
55219
75505
65394
64171
68866
78115
66975
63108
68523
58354
57426
66430
72909
65933
69188
57454
73331
67445
61559
72876
63241
66696
66616
67666
73488
69861
66328
69255
52849
54304
69831
60776
68023
69478
65856
68888
64489
87820
67568
71953
68986
67296
72116
67811
60464
62654
72298
68090
66931
70748
75411
87402
68903
71930
70543
76148
70401
70079
76248
63376
58924
74446
70603
72101
67336
68475
72335
52591
67396
69776
56243
71946
67851
66976
68851
54144
72951
70991
64886
62566
66286
70161
61196
71121
69683
78600
67949
69633
70156
77446
68278
64406
68766
68131
71723
70708
70093
72273
71699
69270
62164
57699
70838
69479
71103
59356
67056
71171
68118
67758
68926
64634
71048
72914
72493
60259
74286
67944
63848
67426
68326
71381
71421
74733
71538
73200
71426
70526
68061
69455
92916
74043
72019
65938
70719
71346
66236
71273
74031
69725
69363
78598
63716
68743
70938
77263
67803
69573
70908
70168
72900
70499
63608
71626
72518
72953
71643
67901
68428
69554
70283
71623
70631
71778
78172
70766
70245
67001
75335
69185
75041
71533
72138
69715
71381
67331
73633
71931
72131
71226
71508
67606
71873
72473
70626
70258
73016
70628
60213
64869
74758
66159
72258
72255
69433
67019
72806
68771
64703
60261
68071
67351
66089
64816
77561
68091
71663
73083
69939
72056
71338
56291
72129
72480
81624
72071
65203
58906
75195
72973
71718
74926
71073
73706
70801
73446
72346
71010
67754
74050
73861
77706
71471
66389
73406
114282
63883
64969
75338
66458
74203
73950
75615
70686
74098
63356
75623
62744
93915
72638
88246
68875
77139
68193
66259
74135
74333
72465
67461
75706
72703
74876
71038
76198
73671
69584
69751
73226
75088
71248
69876
73483
75338
69958
69905
71381
73213
84650
66203
73356
71773
68078
68416
78678
72670
71225
75488
68491
66106
77218
80727
69936
73813
61834
76053
72341
74311
69888
72718
70138
63106
88508
75563
67770
68193
61678
70858
72816
73448
73993
59319
78966
77778
69039
74318
76696
73345
73908
68628
74906
75618
70051
78116
74826
68683
72263
75018
71693
71453
64293
74288
74761
73321
67866
72148
73700
71596
74054
73653
77073
68213
68944
74518
77266
69161
67446
70368
70756
70996
69971
74843
75463
75953
74051
79908
74031
79088
70473
69708
76040
76423
75371
71831
78128
68649
74920
77383
74481
78113
77545
74686
77188
75189
78766
79803
75298
76895
73199
70329
85453
75580
74916
77628
72871
71294
68238
74806
89672
66356
75851
76941
76906
71946
78998
72238
75744
78028
71633
77488
69956
75980
75428
78811
74503
75803
69495
75453
74855
67288
72716
68183
72089
76340
74563
88415
79097
81463
76380
79165
79390
76426
76088
79918
78310
79216
77893
78962
76406
76898
90440
75336
91633
70108
71761
75295
78721
75238
74373
80011
77089
76246
75013
77443
74715
80783
81243
81851
73721
91073
77111
80058
77031
75278
78785
79400
80456
73421
79461
82351
77253
76096
74221
71918
76043
81135
71554
79661
79018
74656
77848
76500
72208
65351
85430
81238
79213
81098
86440
80986
83598
71013
74695
77603
79513
79495
79120
84148
77093
82828
72666
81966
75841
81973
80010
75086
77588
81348
83313
83866
71596
82955
81111
82900
80503
80296
83983
70506
83361
82075
80817
74973
80518
120032
73050
83735
81928
83500
78718
77703
82905
79766
77226
79309
84393
79820
83363
86755
80811
75724
84256
79143
80918
77066
83995
84698
81137
84916
88738
81103
81238
83820
81310
81466
84585
84728
79695
83633
82076
83385
90403
84247
84176
80490
81386
94482
86943
81708
84231
82473
84473
82246
80557
92598
79808
90240
89332
84761
86093
84023
83148
81108
84371
86463
82928
80046
85281
75549
84490
97618
78888
93890
81875
80838
85718
82133
75401
78157
91762
88435
78953
98315
85658
83926
78876
85478
82835
84678
77575
97168
100465
87420
86440
84465
83703
84525
84771
95505
85848
86048
87080
83493
84943
79220
83223
250719
78947
70896
91868
82316
86163
88821
81218
85285
77350
78278
78346
85583
86346
83283
83462
86872
79143
84723
86442
87642
92127
90728
98333
78976
73713
86408
78691
84036
84865
94873
89383
84250
82683
84298
98795
90805
87793
82537
84565
87583
87715
85955
95900
88423
87748
89856
86328
82653
88413
86933
85248
77735
87685
80341
92041
96273
90266
86508
87370
81553
93215
87235
85025
80546
93575
88270
85436
87540
88268
83320
96260
86906
88715
89663
88787
80540
85705
92838
97908
93183
86285
96396
89668
84985
92500
86113
86590
87053
89407
82343
81228
97103
88940
88565
93948
107867
84686
89417
88652
87373
75333
87480
81663
82031
88846
81256
90478
91110
89020
85308
81040
88722
105035
85115
89840
90572
88531
90965
82615
89410
86213
85743
99730
90293
88148
100563
91070
94660
85802
88633
89050
88688
86681
83088
90745
91022
82865
90328
87495
89170
90043
89458
83331
89582
81813
76861
89170
99567
99542
80725
89628
82600
91035
101400
96600
79518
91723
89615
93433
85678
87778
86200
86753
85455
94370
77131
89250
93163
89483
90255
91100
77953
88208
86716
86278
98740
91108
91388
91500
90262
93345
91050
88920
100755
89870
88975
89870
80948
91245
88305
82478
92033
78223
90295
90341
92560
91073
95582
90893
91653
86050
88300
93650
91150
90967
84465
92153
86572
92625
84600
97590
83298
93993
87863
85026
92218
82693
77730
89215
90333
92108
84023
91060
92025
82951
92725
92915
92515
93355
92703
85183
89713
93415
92195
84443
86057
74723
93982
87350
90973
94600
90255
92133
87823
96690
88198
97512
93668
91135
93013
90510
91207
94293
100200
86961
82460
93351
85900
93558
97225
93415
93843
88315
98827
86500
94363
94372
90773
93175
90717
102660
88740
89715
101630
94410
92275
83478
93483
90668
92040
90535
89133
93033
86775
92848
94130
93893
89053
94665
98760
85179
95457
93645
104838
93850
94113
86230
91628
95388
90718
94650
85335
86450
94370
92930
94920
96041
94527
95781
94342
92985
94470
93087
92152
95240
94920
104683
94443
99548
93672
93585
85860
96228
96383
93371
95413
86756
94993
95402
93795
95075
90570
92328
94880
88203
96190
96515
96528
92415
85973
95372
86005
98733
90928
96165
87198
97613
90840
94372
94175
85121
88661
93542
94730
101305
92185
92506
94970
79318
93240
89373
90908
95337
101403
94652
92562
93876
95488
94133
89128
94385
88827
92770
94892
89333
96325
87553
94260
91378
103667
88006
93538
102338
96113
85875
87325
86663
86860
95673
93671
95817
90293
85898
93460
87388
91792
96120
94435
95865
82331
92470
96410
96832
92588
92668
91830
86765
93500
95968
85265
104475
87545
112562
92590
96040
104457
98218
81564
93085
95608
91640
91077
91220
95405
77171
97737
97293
102949
97245
103148
91483
83640
96043
90635
95525
97177
91313
93850
96120
94103
96005
97165
91265
97085
96060
94935
89593
96465
97583
102545
94285
97593
97757
85178
96629
97927
87935
93541
92118
97065
93853
102524
93887
103373
94218
94960
96762
92083
94492
88386
100418
99872
100600
94898
95935
99592
96015
99270
99905
96480
98740
108387
100539
94885
89287
107307
99515
97985
99340
106153
97930
93805
99873
100602
100762
88303
92521
95626
100887
100617
106884
90057
92723
87340
95178
100738
92691
101632
101173
98597
100557
98496
97458
98125
105670
100433
95256
101662
97455
101577
95510
94565
92565
90896
97410
101812
98390
100810
101702
101885
97918
99630
104647
100741
102052
98785
101842
98987
98240
98060
101027
93315
97755
101671
96168
103103
98072
102415
101702
110412
100053
101963
101685
102115
90561
103198
99142
96383
102073
100105
96575
84661
96879
99390
100670
101852
98030
92620
100967
96633
96763
106179
102298
100903
88848
98180
100185
98280
107837
99360
97790
100812
100710
100127
101520
103155
99869
93257
100795
94405
101600
95170
88807
97712
100646
87987
99780
92998
100707
95842
110395
98125
95572
102267
97783
91540
94015
98117
97085
99080
100180
102083
101055
93185
101267
91018
96413
101505
98622
99455
96262
98435
101567
100685
98980
98560
93273
102267
112345
101770
97058
92210
109345
99002
99238
102020
96778
103085
102287
102087
98328
98495
150531
102257
101922
99755
98900
103557
103617
102930
97123
108212
101615
104597
97377
99884
94243
99465
94163
92980
111385
103343
101987
99552
98880
99988
113562
94540
97450
103128
94332
103603
99235
109792
99582
99852
103135
107557
103540
102883
103607
117170
103752
103430
102327
103967
109528
94162
100473
94878
98190
102195
103192
112990
103585
95298
103204
104313
92288
98180
100487
92993
98840
101595
93235
98692
95270
106229
104797
102781
109880
97685
100980
102862
106497
106185
97975
95968
95756
107345
97823
110082
102920
105622
103925
104935
112909
107284
107710
102143
105993
97910
107245
106238
106307
103525
103663
109232
107830
106802
95210
103610
95988
116764
101612
103820
115237
108190
106350
98893
98713
115030
105035
117082
103757
103840
107572
107080
107348
104972
104995
110992
108505
108582
103960
107480
104577
107122
102450
105064
108967
107725
104052
107369
104525
104542
113937
108250
108224
109415
104990
109047
113459
111908
107460
97373
104782
104825
118778
105688
104680
103583
108050
108060
112827
103440
108084
99925
103225
109509
96468
107767
103420
108005
97433
103050
107558
106214
115692
104787
97717
118275
105939
98373
104912
103593
100365
105929
110974
108808
104865
99273
97598
107013
106407
98923
113947
110678
106845
97002
107313
111917
114852
112092
99233
103238
107230
107063
104252
95213
106590
106472
94175
105683
99487
105737
109962
109915
106790
101338
100289
105925
109470
109797
110620
118302
107622
103912
94600
108162
110072
107457
104530
110887
111092
110912
104860
109960
107180
110455
111333
105347
103988
109293
104347
105287
105573
102915
104445
108754
108245
108957
105760
106254
108655
109052
110197
108120
108413
103417
103535
99888
175993
103360
109320
99700
104643
104767
97328
103360
121037
103785
109210
109777
106629
100637
98950
116274
103045
110327
116922
100603
103157
98780
109194
109494
99948
104782
103307
108905
100670
111157
97038
110165
105713
110247
105547
109662
110157
123664
104330
110712
110367
104318
110673
106199
107072
110152
111298
110540
106863
106660
109720
104350
110187
97860
110245
107900
100055
99813
94378
107175
110582
100293
101733
100782
110130
122039
110095
105884
108170
108080
101853
109153
107615
117172
101467
120690
108063
100582
111197
105635
112099
96660
157911
121052
111217
105029
110963
111719
108390
108227
97703
119440
100473
105847
111147
110780
108305
109700
105770
108735
109522
111820
110835
113084
108699
111767
101153
124420
109152
109067
111240
106000
107648
105973
112097
113315
108755
112543
118703
109772
109837
117822
98965
113019
105410
110182
109619
109402
109325
112392
112700
100383
106637
109685
100605
108315
109282
112292
100058
114122
109343
112360
106702
109798
119037
104248
112109
109702
100123
103857
112772
109785
116350
104100
112337
99970
112835
117832
117305
113039
114437
104223
120335
112990
118947
111862
119857
113682
114877
110468
123140
118344
113907
113820
102983
108720
113619
113012
108095
108810
108072
109350
114252
108022
110815
109898
114178
100760
110777
99410
104847
109212
114938
108732
113568
119499
111279
102122
108580
111312
108428
110852
108807
113872
114165
115057
110955
116525
116542
115324
101237
124917
113683
113884
111165
117379
108218
111274
117330
110270
114782
102800
115170
105618
114497
115630
109774
111878
111879
111540
116118
117657
119497
118082
114217
110882
116907
114172
108747
117760
114935
105335
114584
114708
117885
111798
118962
107670
114787
108710
117552
115052
118340
118432
118599
114502
117519
118307
119522
123267
117747
113629
112294
115672
118742
119047
114407
112428
118795
105865
115130
115302
117947
108457
112095
115257
102485
115632
113075
119540
115709
124734
119712
116034
119735
113325
115799
118557
118490
113450
108020
116204
118254
113552
115687
124799
109732
118437
120555
118662
116505
105462
116469
143137
116527
113724
118839
116374
121255
116747
108267
109267
116824
125047
107184
129762
108994
116260
118942
116960
109997
120282
119290
106275
117247
126277
115079
119690
117192
115037
120170
116629
126505
119277
119329
111520
116827
120239
119347
110685
120597
115742
115440
116709
125091
116797
120722
119654
130634
119942
117745
121069
120972
115017
107058
121157
116829
117752
120972
117827
111228
117134
121297
111509
118180
116272
115529
115174
118509
120970
120137
116075
118967
115929
117370
117229
111650
120213
117099
121062
118122
118714
118732
121170
120734
121747
110667
121002
115687
117597
151829
108690
116764
128799
122759
122037
119104
113162
118322
119095
121782
118710
122039
116934
128232
117015
108890
129236
122907
111292
118559
117232
122377
122987
117359
117512
122420
109887
117312
122997
119222
122992
120795
122352
122247
113687
120589
110657
119244
119544
123354
117987
122792
121020
129904
119289
123097
119237
120590
122990
123447
119514
121145
116509
119514
114219
116157
123814
118790
133292
121510
124207
123605
123819
118309
119617
120384
108860
121702
111315
122711
124002
127960
121535
118437
124659
123752
118689
111120
124179
120149
119115
126362
122269
118779
123797
124582
111445
124537
119675
119462
119495
119440
124509
124689
123567
124349
124587
119019
125307
115467
125157
124735
124987
119417
102704
125277
115222
110723
119207
124832
124092
119829
121029
113952
124980
122702
119647
119724
119440
125532
115244
125105
121614
125027
124249
124372
114092
119735
120115
125719
113804
126491
120422
125529
120229
123430
120389
120347
125752
133979
123546
121532
124814
123715
114527
121902
126192
123612
120362
129280
125550
116392
123887
126357
121765
120683
126062
122055
118970
124051
126599
113592
126022
126800
126819
131847
125662
117237
114835
115020
127161
113774
117045
121330
115552
124379
123032
123662
124882
133854
115380
126936
121689
125674
121442
109722
126977
124779
117497
127262
117849
122954
127372
126302
123047
122972
123311
318265
128544
126172
115222
127816
127232
127615
128742
126335
125227
127340
126694
114543
127504
127987
114239
114527
122902
125587
126702
123419
118402
126966
127192
117854
122232
127927
116622
124067
123035
122524
124386
125929
126194
124604
126052
128699
126252
127244
128632
127367
124644
125824
125977
126757
120617
122117
124105
123845
125856
127459
125322
112910
129516
129069
115077
124040
127591
121119
127779
125479
132146
126582
126372
125294
126109
120635
124327
125999
133159
121272
122760
124754
126394
126922
121364
117322
136164
121330
124799
121744
127357
125842
112647
273066
121590
125882
125105
129019
115492
116028
125555
127367
123252
127294
127374
128287
117587
127562
127689
125055
126759
126594
124997
127317
122279
126167
123685
126637
127434
119815
127814
127999
128362
122412
133989
116084
131869
123907
125727
123787
122529
122164
121979
118874
113569
127002
120116
128512
127924
155314
113354
129492
126352
126559
129054
124679
124320
126624
128622
128982
127172
126392
128434
135082
115267
113658
127962
140911
125027
115259
129557
121032
138635
126967
116779
128927
128897
124472
129394
136842
127971
123990
119146
127219
129201
135034
134999
127409
129220
134392
119810
127312
129512
128350
123975
130195
118009
124042
130592
128874
130104
128394
127867
129657
124507
129922
120050
130276
124380
129781
128062
128002
118219
117547
129979
130460
130229
130032
120097
134819
130287
129419
131182
119555
136822
131064
130466
129534
128245
130947
124880
131045
131054
115025
120512
115677
124937
131582
140306
136902
130184
127860
129546
126012
119507
129652
128632
130882
121180
128772
129092
131302
126957
126904
131254
131144
131978
139977
128882
125609
125634
129284
132219
131589
129245
129117
131072
129149
118855
184378
132442
117465
127004
121769
132711
140275
131654
120397
127254
138704
126157
131767
126087
131862
117927
126449
138891
114037
130784
138787
133895
118109
126485
133132
132152
130084
130241
139064
140604
132082
132179
130162
130921
132312
130462
126764
127917
130899
126287
130561
122297
132349
118412
131202
128462
133044
118590
131074
127345
127355
132740
131961
119945
135004
132891
131102
127707
132979
123040
131239
131304
133232
120505
131117
127564
138956
131721
120997
123417
123347
133615
128182
133544
133625
136664
131569
131582
131499
132674
131824
139672
121490
119482
146971
123447
132527
134462
120974
128005
126584
132669
136992
124397
133740
130979
121222
139447
135244
132132
132284
134227
132006
133054
133109
132804
134099
134299
133036
128762
122134
134351
127392
132664
134445
133359
134859
119417
132719
131857
129146
134794
129309
140447
134832
133124
133059
124695
131416
121984
130259
124602
131312
120982
131095
140272
120859
135277
133449
135187
133697
133759
129862
123754
133839
133292
133504
135484
133531
129882
135512
131084
123629
133717
123132
135779
123037
125247
131152
133931
130130
135834
129761
134189
131304
135829
123247
131319
135236
134906
129204
127509
134932
129664
144314
129404
136336
125997
136069
121865
140991
126324
121099
136289
134542
135184
139574
130977
132014
123917
134514
137027
136856
109375
143384
122442
144263
144274
131129
126389
137342
135156
120962
131299
141904
135904
135226
137079
127049
131364
136964
144911
135969
124414
137651
135432
126917
136987
143294
137589
135571
126189
130442
140794
135099
140683
133852
138156
140334
137194
133704
134612
138497
134771
140096
139022
140692
128249
135717
135107
149149
133829
126314
140874
133559
135042
142009
139321
140781
139337
141004
139424
141237
142144
140797
136206
148472
138222
136484
139901
139755
139984
136237
139470
135787
139522
148014
128489
142777
139352
131352
142453
149834
128649
137326
147819
139659
142252
127072
147668
127712
139839
128799
128959
127301
139139
139555
132542
137617
143069
134800
128799
137756
137757
128769
137791
139227
140142
124752
124922
139246
138057
137712
138234
133924
138174
125346
138009
127392
135059
139691
187518
139474
135172
139814
138604
145361
139966
133147
135937
149216
135821
141454
135850
141702
135743
141486
131461
135909
143606
138402
142954
143329
136791
147379
143586
143067
143447
144327
142047
138571
136255
142019
136546
142641
138734
153528
137889
141984
139029
136556
142094
152651
144052
136901
143691
143629
143671
133149
144163
130527
130764
138654
139297
142492
139302
158598
144024
131287
144337
142531
142434
149601
142574
142909
138459
142894
144498
139734
143702
142979
142771
144683
148899
143273
139454
143239
129676
149801
144503
134132
139764
146113
139029
145741
137991
145139
143439
134279
143976
149386
145337
144899
143164
143824
145401
139129
130447
144009
145269
143684
322345
139584
139729
144392
139727
143924
140367
144152
145916
146178
146542
141394
139499
146256
135127
146179
145691
135049
144349
141761
144871
412438
132941
135487
144379
146576
141834
135792
144122
145991
137170
145846
151491
146632
135424
146586
132889
141644
144841
133119
146933
132915
140462
146294
139076
146559
144964
144691
139406
146507
156119
148071
149186
145321
146686
141729
141097
137177
132012
146176
136119
147472
151136
147349
145576
153348
145402
140557
146914
136344
141083
146862
145868
154726
154456
147632
141726
149137
150872
140619
140321
134259
134035
151964
156679
147356
140064
154636
136861
140669
148719
146156
137048
155584
146594
141826
148047
147801
148872
134209
140544
146429
148386
140942
149837
146859
146448
142554
148079
141076
147036
148156
142516
147154
148394
148309
143459
146971
146704
153761
143364
143014
142646
135194
152971
149013
143539
141316
143237
135149
148651
149529
135132
166016
143137
156681
143804
147174
149038
141561
141536
141692
149441
143392
138289
147731
144289
133911
153867
143412
147591
149596
149276
143333
148003
150974
138514
138562
149484
149562
147959
147989
144117
149719
148883
143996
144589
138842
149716
156983
136227
136584
138337
155399
156609
155409
148134
151361
154721
149996
150211
147741
136422
148626
156681
148711
150741
149563
150476
144484
213867
133376
144634
150598
144659
162026
143219
150672
137079
149091
146024
151181
149333
151657
133699
146122
148801
158621
151029
153449
144789
156759
140287
151126
146776
149592
150036
149556
146582
154406
151321
137301
140089
140036
149549
152646
135503
146279
137834
151936
151704
149627
144168
145989
137776
151566
149824
145844
146882
149593
146754
146821
147032
159479
152161
146084
138132
147023
152151
150279
144942
150067
152259
143652
138462
152299
147164
138496
152854
147371
150762
146949
147171
151227
151059
152524
152481
151439
150384
147609
147404
147951
135024
155421
151214
153144
152831
146658
150841
152988
152916
151468
154471
152891
148298
151412
155513
154581
171913
152928
153276
153574
148824
151744
147366
152026
153541
145551
154156
147689
151563
159171
148726
151516
152139
146777
147779
137602
142351
153581
147574
148701
151954
139891
154821
153542
160011
153794
152537
135826
147587
147894
154469
159926
152651
159706
146386
149259
155536
173571
153964
152726
154076
154596
149242
152366
152981
154921
138484
153086
153156
160629
149152
149399
140422
153044
152973
153234
155424
152717
154733
154789
149706
148764
155433
148447
148387
154783
155494
143564
147106
161311
147377
156161
148891
155286
153373
149917
140999
155459
143999
141054
153341
153551
154531
155301
155431
139582
138129
144960
160936
144141
154131
162241
155359
144142
150646
150834
155821
161043
154089
147239
153844
141772
150546
156076
155879
139889
149602
154279
154481
148959
142314
151074
138749
157456
155204
148649
150234
154778
156336
156323
154844
145216
162489
146781
166853
149957
150539
154926
155088
150231
155239
151896
151491
150856
154726
155466
150581
155359
156846
158776
151204
145636
155609
161936
151006
160711
157118
165560
140874
156086
161236
149243
157578
156174
143301
159248
157716
156394
157848
162979
149576
151734
157448
155816
151196
158028
157472
146241
157846
161183
157688
156193
157791
151654
160171
153306
156396
151674
156609
158051
152036
152316
156873
156373
158069
150044
157483
163916
151894
156466
150499
158666
152201
345092
152821
142241
158316
155991
155256
154966
141544
157511
144144
153811
154253
154004
149446
155842
155243
154353
137817
153834
150414
144203
138302
155849
156116
154539
150316
154416
163458
167966
154004
164096
155758
139824
154306
156056
148251
156181
169603
156508
154983
150278
154919
158156
156838
156276
141729
139017
158321
143496
154696
159711
144991
158444
159693
159748
152993
151651
148234
154316
153429
167041
160256
181717
151979
164946
145069
154456
159976
160166
143821
149303
158871
158221
160474
148626
148812
160295
158971
158991
164104
154019
168959
165244
146152
148806
155133
160693
152693
157804
157736
159626
159933
161788
161073
159089
167969
156169
143989
148289
153794
159789
154989
161841
158729
159714
154456
158761
148501
160096
145806
144356
159171
153711
144474
159389
168151
148403
159781
154592
149529
157514
154771
154501
163883
154579
146479
154757
157726
146468
163486
151579
154996
142796
156748
158988
160986
161268
161159
175649
158744
161899
158466
158441
152036
148604
143991
165281
159323
157193
162775
163006
150331
160873
155663
170063
166573
158263
162236
163071
162916
162969
155869
160071
150451
169956
163106
160811
160923
168236
169665
151209
155853
155854
153851
155623
164688
167193
154336
172113
165196
171413
159519
151359
165113
161456
163943
163181
155109
163051
165081
164376
164632
167908
159534
171248
162623
161673
168045
165451
174403
166601
170169
156534
321239
155788
156766
156739
170800
163601
147047
162008
164594
162521
156086
156941
169386
148974
157145
164563
166100
162366
162454
160403
162748
162549
163064
169896
176375
164649
152309
167786
161824
162813
171591
153043
149443
157091
151703
162973
163236
157754
165091
164985
167156
153623
165268
163244
165959
154771
165626
146034
167633
163288
157698
167186
177041
160328
164953
165616
165685
174158
166954
158161
161296
167466
165356
167289
163711
153821
161138
165444
165830
163813
162949
167771
161359
162503
158431
167976
175191
156403
158881
150698
158811
165946
170634
162031
166315
173113
166164
171608
159034
163209
159003
159468
168970
158681
159378
158971
166614
168801
168534
166731
170348
158182
166871
166841
171930
159007
167734
159228
158746
164823
169238
170988
168653
159324
166023
160117
169141
166758
169261
167259
169183
167433
165371
165933
168818
166876
169646
165836
163201
168359
166826
150064
167166
173013
163025
181403
168513
175500
152101
165991
155186
167993
165841
167466
168866
163628
155559
150231
164111
168266
161413
168116
166146
174820
152171
160751
161326
175928
169991
163208
160424
166266
163751
168541
167846
167971
160816
161326
166706
174113
150886
164159
170403
166781
162393
170844
160706
160991
171673
169425
168196
161398
169159
170968
170876
168304
168901
166463
167295
161942
167306
169181
169313
169798
178616
164728
153274
173353
165701
171384
164851
161773
150194
174323
169371
151871
171511
169016
168901
181128
153559
171836
177478
169468
167836
171705
167736
170069
167823
169686
169901
169854
172995
154188
162576
176416
169785
172791
172188
162653
162268
162571
168844
168440
165724
169708
162678
165836
168593
162711
172333
172016
170288
162967
170380
170561
157814
153006
162986
168144
166261
163196
177271
163901
172976
160841
166483
175758
170791
165216
163535
153246
173443
163371
166773
171118
173741
177651
171260
159559
173000
153298
173933
163736
171029
174026
164819
171386
171648
155388
172184
158699
166813
169394
173575
170324
167436
171793
171998
169741
169886
167506
163871
174513
169971
174313
152496
152331
169903
158984
168701
172201
156136
170476
167579
194263
174336
173353
167775
173688
170783
170476
171811
172490
174290
170588
159576
170806
159588
172136
154698
168151
175043
172405
164435
346024
168651
180393
177926
174741
168493
174928
175098
169178
160129
172531
156781
156994
169790
173113
172956
168684
173078
175826
171233
157262
160416
165173
165531
160479
173321
165721
172904
173496
169468
173566
165896
162846
157291
143312
176349
173971
169376
175643
173324
158101
171761
173681
173568
179218
157741
176108
173789
176021
156076
174346
180995
169714
172288
176663
174345
154641
174178
181396
172578
176216
161241
181790
180608
182036
177413
178934
164269
161511
179381
174931
154956
176713
176671
158729
176943
167121
179326
170696
172915
174906
156849
170246
173360
166920
167161
177201
172694
167033
175748
156696
162254
147187
162154
156971
173203
173435
167576
175200
175065
176008
170996
175589
177674
171131
175415
168073
155426
181873
175383
168111
179518
175628
160806
159606
173158
174066
171501
172079
180177
157666
176360
176055
163066
183621
168031
178719
174325
175732
157940
174331
162908
199765
178418
174543
174525
159693
158026
168686
179393
163466
163323
176738
178698
182212
177623
157256
178738
160088
174616
174564
176768
173128
177091
179236
176707
176509
177825
178948
177130
172473
182836
163783
180518
164063
169316
179860
183553
172673
176891
177310
184246
174713
169358
169110
182156
172728
178923
179660
159219
175648
175655
169756
177850
177637
180206
173353
183268
178306
163919
176043
169953
178029
177728
170071
161463
177536
159501
161356
164858
178163
176021
170361
178231
165091
170711
171053
180475
180180
180663
184928
162073
180445
170928
178268
176553
178056
176576
176701
170428
180935
181467
160259
184540
177995
178820
170931
170431
158764
165539
165843
174163
176776
178940
182810
177081
178973
182073
161431
162796
165781
181533
184038
179445
181278
179398
159346
160712
183983
185930
178981
166188
181916
187985
175330
159353
171321
178158
181765
185821
171623
160994
171811
166371
177933
171368
179653
178123
171446
182343
177103
180128
180028
161566
180203
165438
178315
179771
175600
172563
180577
182818
182238
175583
179823
184503
163751
178681
188248
178715
172011
182813
172091
178491
177146
176483
172636
167381
181003
180416
164053
180448
176238
183023
190483
159558
183455
162323
179016
167636
173091
167694
164408
186568
181283
176618
173268
176273
183618
183810
176814
181628
173406
176858
177426
179533
179680
181323
162881
181858
183876
181563
183891
164730
184408
165043
181788
168409
180039
173815
173809
168739
161656
170838
182133
182256
177278
177868
173560
182750
174089
181813
182348
180166
180273
173728
184635
165651
171618
174200
165786
165844
174663
177893
185218
174050
184581
192350
185845
186310
183025
178088
182061
185875
182196
190253
180830
174723
180715
185208
178448
171230
166191
185320
186230
174654
164343
175368
186392
186106
181213
175409
182333
183316
183233
188465
175255
166276
189311
186510
169964
183741
163006
175458
163278
175133
185970
167101
183295
175403
183388
175371
176296
172470
167230
183695
194995
181837
166690
183795
175723
181996
185850
163789
184151
167013
193212
167573
182138
192610
185111
184205
182470
167548
163491
184308
186977
187760
171218
186853
178411
184935
178641
176688
189238
163989
175018
184155
182915
182976
186950
171286
163573
191700
181038
171310
185248
184751
171680
177148
184888
183400
182065
187838
164681
168059
177170
177398
193575
185045
188173
168070
184916
177703
164788
171841
177431
190598
180763
187730
186873
185913
188205
167036
184861
177241
179853
179823
184452
176405
174083
186735
186746
184848
182530
182528
168656
188740
187370
161761
174478
182800
182661
168828
174843
169191
182575
171631
184973
174713
185420
179213
190696
183171
182725
174223
180480
185276
183050
185360
185273
174440
174380
195552
175268
163811
165669
185540
183968
183626
186426
178138
188393
188572
185813
192575
175783
185903
176920
191468
181625
186205
178878
176201
175834
182390
165439
193625
167433
177763
183553
182088
183935
183730
192260
179436
193872
166515
182063
174995
173583
180048
179718
176713
170833
179830
182115
181733
168768
217975
186571
166279
194385
187996
188568
168964
188583
187861
178841
169618
186415
188715
171933
180455
188563
189983
183178
194970
183711
168231
192126
175640
170086
180208
183350
181105
187076
191177
189607
186640
172365
176613
189702
190453
189300
175856
181463
188391
184127
181345
188887
175880
191643
181288
167024
181355
187066
187165
184490
189686
182103
188102
186235
181681
168318
172416
187730
164666
185370
187983
177335
181963
185861
183761
185916
173438
194488
186185
187723
185022
189962
181065
189930
184671
172823
172948
185466
176508
188203
176353
192490
189878
190660
192620
192938
173108
192797
169286
171220
192727
183733
170403
182416
168748
169443
181525
185763
171605
196318
171315
185326
188048
173611
182030
190458
181993
191957
182455
171848
186040
173628
173638
193428
185862
186045
194272
193233
194625
186075
189157
191156
193430
198110
189693
191605
193540
183138
186043
190636
181761
173993
188908
179648
189323
183343
183473
189603
183128
189803
171463
178073
185445
191253
168929
183543
192517
187412
191423
174778
194588
192030
194493
191231
185310
184098
188901
190128
191508
192100
193800
183658
173128
192142
188538
190585
183328
