487100
26300
23000
16800
40700
28700
32300
11900
19200
37000
31900
49100
17800
39100
16100
49300
23200
13800
45600
45100
41700
25600
11900
5700
25100
4600
19200
6600
7300
24600
10000
7100
4200
6400
35300
18700
6500
4100
10600
5200
6500
25200
76300
5900
7700
2400
3900
4600
6500
6200
7100
2600
7800
3300
8300
6900
7800
11000
9100
8700
9300
8700
24600
8100
10000
7400
6100
7000
8100
9000
6900
4600
7900
4000
4000
6800
5700
3400
9300
8500
9200
8500
4300
8900
10500
8300
4300
6500
9000
8600
4000
9400
11000
6800
7700
4500
3100
3300
2900
5095700
7100
6800
4600
3400
6600
10300
5200
4400
8500
6200
3600
3500
7500
11600
9500
4300
4400
8800
32700
13800
8300
8900
9500
5700
8500
11000
5200
15500
10000
13200
5600
9500
7000
7200
18200
5400
9000
9400
5700
10100
6000
7500
15300
13900
14500
9600
6100
9400
7800
6600
3700
2800
8800
4900
10600
4100
3800
4800
4600
4500
4500
9200
32000
43800
4900
5200
5900
2000
2300
3600
2400
3500
2600
1400
3600
3400
1600
3000
2100
2200
2200
3500
21900
1400
3700
1700
2100
4600
2300
2200
1800
2200
2300
4100
4400
3300
5000
3700
1600
3300
3100
3300
5000
1900
4000
1300
1600
3300
3400
8400
2700
2400
2300
4300
1800
1700
1100
4000
2200
2000
3100
3400
4300
2100
1600
4900
2300
2200
1200
1800
1500
4200
1900
7700
1800
2900
1300
3800
4200
2600
2500
4100
3100
3000
2600
3500
2500
3200
2800
3300
2400
7700
3300
2500
1300
5800
4900
4500
1300
3600
3600
2900
2500
3600
7600
2900
3300
1200
1600
2200
2500
1300
1300
3600
2200
24100
5000
4700
2400
1500
3000
4600
1700
1600
3100
2100
6700
2300
1500
1900
2500
2800
1500
3200
2500
1900
1800
1600
2900
1700
4300
2000
1600
4900
2600
5700
2000
2300
3200
2900
2700
2500
3500
2100
2100
9100
1600
3600
3500
1100
4700
1700
3300
1600
1500
1500
4200
2100
2100
1300
2200
2700
1900
2300
2100
3100
2200
3600
2500
2100
4100
2200
4000
1900
3600
4000
4600
2600
2600
3100
2000
2800
2200
2000
2400
3100
2500
1500
2700
2500
3500
3000
1800
3300
3100
4100
5200
5500
3800
2800
21900
3500
1500
2400
1400
3800
3800
4600
3800
4900
3600
2100
2600
4100
2800
2300
7400
3300
2200
4900
3900
3800
10100
1300
2900
1200
3900
2700
1500
2400
2900
1600
18900
1400
2600
2400
3000
3800
3200
2400
2300
4900
1900
6500
5200
2900
4100
5200
2500
5200
2900
4900
1600
1600
1700
4700
2400
1400
3900
1400
3200
5200
2000
2000
2500
2200
1500
3300
4600
6000
1100
2200
2100
1800
4000
2500
1900
3000
2000
2800
4200
2300
6600
4600
2700
2300
10300
3600
4300
3000
2300
2600
4200
2600
2500
4300
4400
3600
1600
29400
2600
2900
30200
15900
2700
2100
1900
1000
2400
2600
2000
22300
2200
1900
2900
4100
3100
2500
4800
2100
1400
4300
3600
2400
3900
2800
2700
3200
2400
1600
1200
2600
3100
3300
4800
1800
3300
2600
3000
1900
6900
4100
3100
3000
6000
2800
4600
6500
2300
1900
2300
3000
2500
3300
2300
1700
1700
2200
2600
2700
2400
6200
3400
1600
900
1900
2900
2200
2600
3100
1700
2300
1100
3100
2700
3000
2100
2800
1700
1900
2300
2400
2700
2300
1300
2200
2500
2700
2000
2900
2300
4000
2500
2900
4800
3100
3200
2200
2400
1700
2800
3000
2200
2300
5000
4700
6300
3300
1700
800
2300
2500
2400
2700
2600
3900
3400
3000
4000
3700
5400
3300
2700
2800
4400
2300
5900
3600
3600
4400
1600
2000
5100
2300
7100
5300
22000
3800
4600
3400
2500
1900
1500
2800
4000
4000
3300
2700
3400
7000
2100
2100
4900
1900
2000
3300
2100
3200
2500
4900
2100
2500
3900
4600
3400
18900
4700
6800
4400
2600
4900
18300
1400
1800
1700
2100
3200
4900
2700
3000
4700
3200
1900
3100
3100
1900
2300
1700
6200
19900
3600
4900
10000
24500
5300
3000
2900
5800
1500
2600
2700
2000
1900
1400
4000
2200
2800
3100
3900
4200
1600
1800
2400
3000
2500
1100
1500
3200
3100
4200
2600
2700
2900
3200
3400
23300
2100
2000
3400
2200
2800
2200
2600
4000
3500
2100
1600
3200
2300
4300
2600
3700
4600
6800
4800
2100
1500
3900
3700
4000
2800
1700
3300
4200
1600
3100
2000
2900
5100
3000
5300
5100
2800
3900
2600
1400
3300
4500
3400
2100
3200
1900
6500
2600
3200
2400
23400
2500
2300
3500
2800
2100
3700
2300
30500
6400
1800
4500
1400
2600
4100
2100
4800
1600
3200
3200
3700
1700
3000
4500
4000
2700
4300
1000
1700
4100
2900
1800
3400
5200
2200
2600
3700
7500
3200
22200
1900
8200
4100
3000
3300
4900
5900
2200
2500
2600
2600
2400
5900
2800
4500
1800
2200
3200
1900
1700
1400
3500
3800
2400
4400
3800
2900
2700
2600
2700
2600
2000
2700
8900
2400
3500
3900
5400
2600
1500
5800
5500
1800
4200
2100
23200
22300
3300
2800
2500
2600
3400
2600
2100
2800
3400
2500
2600
2100
2500
2900
3600
2500
1200
3400
3000
4900
2600
7200
1700
3200
2500
2800
3800
3500
2100
3500
1600
2200
2000
2900
2000
2500
1300
1500
6900
1600
5700
3600
3900
2900
2000
4300
3900
4300
2600
2600
4300
2400
1900
2900
3400
2500
3400
67400
2600
2900
5500
2200
3600
1100
2400
2400
1700
1300
5100
2700
3500
2800
4100
2400
3200
3200
2100
2300
2500
3500
3700
2800
1900
500
5000
2100
2900
2600
4300
3400
1900
3300
5200
3400
3000
2100
3600
3700
3300
4300
5800
3500
4400
3400
3800
3500
2300
2100
3400
5400
3600
1900
3400
1800
2700
4300
1400
1600
2800
3000
2300
3200
1700
2300
3400
3400
3400
1900
3000
3200
3900
24100
2400
3200
3500
4300
3900
1600
4300
6900
3600
4300
10200
3400
2100
4100
1600
3100
2100
1100
4200
4100
5900
6600
2000
2900
23500
3600
3300
4700
3200
7400
3300
2300
4300
4600
3600
6000
4600
2200
1500
6200
1200
2800
2000
2700
1900
1900
4200
2800
1700
3300
2300
3400
2400
2400
4300
19500
5400
3300
2000
2700
2800
3700
7200
3000
3000
4400
2200
2300
2300
3900
1900
3000
3600
23500
4200
3500
4300
3800
2200
4000
5600
2300
2400
4100
2900
3900
3900
3000
3100
4200
2500
4400
2800
3300
2100
1400
2600
3600
4300
3900
3100
2000
3300
4900
3200
2600
4000
5600
2200
2400
3400
2200
6000
22800
3000
2600
3200
7600
4800
1700
3100
1600
2300
2000
3200
1700
31200
5400
3400
2400
1900
4900
4200
3700
3100
3300
4500
22000
3300
1600
2200
2700
2100
2700
3500
3200
9000
1700
1700
2500
2500
2900
3500
1600
2500
3900
2900
5100
2400
2800
1800
1800
1700
1600
4400
1900
6400
21900
6100
3300
3400
2200
2400
4400
4000
3900
19500
4400
3100
2400
3600
4400
2700
4300
4800
2100
2800
3200
2400
1200
2900
5500
2000
4200
3900
2200
4100
2900
6400
5000
2600
3200
2800
4000
2900
1200
2400
1000
1500
2400
7800
4900
3500
3700
9800
4100
3600
6500
4800
3400
3000
4900
2800
2400
2200
3200
22400
5200
2400
3000
6800
4600
2800
5000
3700
2300
4000
2700
2500
2300
1800
3900
2000
4600
4200
3300
2500
3600
1300
6700
3800
2300
3000
2000
3600
2200
2500
6100
2400
4100
3700
2700
2900
2400
1600
4200
6600
2200
4700
4200
3000
2900
3200
3500
1700
3600
4500
4500
2800
3300
3100
7300
3600
1900
2700
2200
6600
2900
3400
1700
4300
2200
2700
3000
3100
4300
3500
2700
7600
2100
4400
2500
3200
5900
2200
2600
2200
2000
2300
2900
1700
4800
2100
1900
3600
1800
3800
7500
4100
1600
3600
4700
1500
3900
2000
10700
2100
3100
4100
1500
3200
5300
4600
6400
2800
5100
3700
1900
2500
2600
17300
4500
3600
3000
1800
2100
4100
6900
3700
1800
2900
2300
2500
2600
1900
3200
2200
4500
1700
3800
4300
5900
2900
2500
3900
3600
3200
3500
6100
2800
2000
3000
2400
2300
2700
21200
3000
1400
3100
2500
2200
2400
2700
3500
4500
3400
1900
5200
3300
3400
3400
2200
2100
2600
2100
4000
3600
3900
5400
2900
6600
4200
4300
3200
5400
2700
2500
5000
4600
1800
2600
3700
2500
3100
4400
6300
3700
2200
4300
6500
22800
3700
4200
4100
3600
5000
4700
7300
3700
4300
3400
4500
3100
3200
1200
2500
3100
3500
2700
3100
4000
5500
2900
7500
2100
1100
7500
2000
4500
1400
2800
2100
3100
3100
3300
4500
3400
2300
2200
3800
2100
2900
2000
4400
2200
3100
1000
3900
2700
1300
2100
2400
3300
2500
2300
6300
2200
2400
5000
2600
4300
3600
2900
2600
4700
4400
3600
8400
4200
2500
3300
2400
6700
3200
2900
6000
2500
5500
3700
3000
3300
4600
4200
4500
2500
2300
3900
7200
2100
4400
5500
3100
1700
6200
3100
3000
4400
3600
4200
2400
2900
2600
2900
1800
3500
5100
2800
2000
5800
1900
1900
6800
3400
5900
4000
2600
7100
3600
1000
2500
2200
2700
2800
4000
12100
20500
3100
6000
3100
8600
3900
3000
4000
3400
1800
3100
2700
4600
3700
3500
2400
1500
2600
4200
6200
3200
3000
3500
5000
4000
4000
4000
2000
3000
2200
4200
4900
2800
1900
2800
3300
1700
2100
4300
3000
2400
10100
7500
3900
3600
3300
7300
4400
9900
3100
4700
3100
6600
2800
3200
7400
4200
2900
4800
2300
1400
2600
2800
2800
3100
1600
27000
2200
2500
2000
3700
4000
6100
3600
2000
3100
4700
1700
1500
3300
3000
2700
5800
3100
3100
2400
3900
3000
19700
3500
2500
2000
2200
2500
1600
3500
9500
21500
3700
1800
3300
5700
2800
2600
3300
2400
8400
3900
2600
16400
4500
3200
4400
1700
2600
3900
2000
1800
4300
3600
5200
3600
4100
4500
2900
4600
6200
5100
1600
6300
3500
3000
3700
4400
3800
9300
4000
6700
2400
3000
5600
2400
3800
5800
3900
4100
8700
2900
4100
5600
7100
3100
3000
3600
8100
16500
5000
4700
4100
3300
2000
8300
4000
900
3800
3000
1200
3000
3600
1900
1900
2700
4200
3600
21500
7600
1600
3000
2200
2800
4300
2700
3100
2100
1900
3300
3400
3300
6700
3000
3200
2800
2500
1500
6200
3300
6900
19700
22200
3300
2300
3100
6800
5000
4800
2600
6000
1000
3100
2900
5200
4500
2300
4900
5300
4300
3400
6300
1700
5000
10000
5300
6900
5300
3100
2700
2600
3800
2200
1800
7100
2500
3300
3000
2300
23100
5000
5500
4000
2600
2200
1600
4000
4300
2100
2300
5400
4500
5100
3000
4400
3300
2100
2000
3300
5500
6900
5800
3100
2400
5300
4600
4300
6500
1600
7500
2000
19100
4700
2600
3300
3900
3100
4600
2100
5200
3000
3500
2900
2700
2100
1800
4600
3500
4000
4000
2900
7100
21200
4500
1900
3400
2100
6200
3500
3500
3000
3300
3100
2700
2900
3200
5000
2700
6300
3800
3700
3100
4900
2100
2500
1900
4900
4900
3400
1400
7900
2800
3500
4200
2100
2200
4500
4000
3500
5400
19000
4600
2200
3300
1600
2200
3500
2800
2900
3500
5900
5300
2800
2000
3500
2400
1700
2300
2600
1600
3400
4800
5400
1100
3100
3100
2900
5200
4200
2500
1500
6100
1300
1500
6600
3500
2800
4300
2100
24300
3800
4300
4900
21900
2500
1700
3600
21900
3700
24500
2100
2400
2600
1800
5700
2600
4500
3700
3000
2400
7500
8200
3800
4300
5600
3400
2500
3300
3000
2600
3300
4700
1500
2100
3600
2200
4500
23900
2800
4000
2100
2000
2500
2700
2600
2800
4800
3500
24100
3900
3600
3300
4500
2300
4600
3300
4000
2700
2500
4700
3600
2900
2900
2500
4000
3900
1500
3300
2400
21500
5300
4600
3900
3000
3800
3100
3700
20900
2000
18200
2000
4100
4400
5600
24600
5200
3800
26600
3400
6200
4100
5300
3900
3300
3400
4200
7200
23400
4300
2400
21700
4100
3600
3600
3500
3500
3700
5300
3300
3400
2700
2700
5600
4100
6000
2900
2500
3100
3300
2300
2900
5400
4700
1600
4300
3600
24100
2700
4500
2100
3400
4400
9100
2900
1800
2800
3600
4500
5800
2000
4000
2500
4600
4300
3200
5000
3800
4500
4300
6000
6600
4400
4300
2800
2100
4500
3000
6400
2700
5900
5200
3500
3200
3200
2900
2600
2200
3400
5600
4200
5800
6600
4900
5200
2000
1700
4000
2400
2800
7700
3400
4700
2400
3000
3800
4800
6800
5700
3200
4100
2400
2300
1600
3400
3900
2600
2200
4600
4500
2600
1600
2400
3900
4700
2700
5300
3100
3200
2000
3600
2100
1600
3300
3200
3600
2500
2400
4000
2200
5600
3500
2500
2600
5300
5000
2600
2700
2000
3000
2600
3500
3200
3500
3100
4200
3100
3500
3700
2300
4600
2400
2500
2500
6400
4200
30000
3100
4100
3100
2600
2500
5500
2800
2800
2300
3200
4100
1700
2900
3800
1600
1200
2400
2300
3400
5300
3400
2500
2700
11100
3100
4300
4500
2400
2500
2600
5300
2100
5900
6500
4900
4400
4400
4100
3800
5200
3200
3200
4700
3400
3900
3200
1900
4600
2800
2200
29600
13500
3600
2200
4200
2700
2900
3300
1900
1500
2200
1900
3300
2100
1400
2800
4600
3700
3700
2000
2800
1600
4800
4200
5000
3400
3900
2500
3500
2800
2700
26200
4100
5100
2700
3600
3700
3200
7100
2600
2300
4200
4600
1500
2900
2900
1400
3200
3400
4500
1600
3500
2500
3200
3700
1900
2300
3600
2700
1300
2200
3700
3800
4300
1400
4000
5900
4400
4100
3200
3400
3500
1200
4600
4700
7800
3100
3600
5700
2000
3900
7200
3300
3600
5200
2200
3500
3800
3100
5100
3900
3800
3400
3200
4200
3000
6600
3500
3500
2500
4000
4400
5100
4100
3000
1900
6800
2800
3200
3700
2300
5700
1600
3000
3900
2400
2900
4400
4300
1900
2600
2700
3000
4400
3200
2900
3600
2400
4900
3100
2000
2600
5400
2500
4500
2700
3200
2600
3100
6600
1700
22100
23900
2900
1600
3600
4600
2200
1800
3200
2100
3900
2800
7100
5100
4300
1900
23300
2100
1800
3300
3000
3500
5700
3200
4400
3800
6700
4000
3100
3500
3000
4200
5000
3500
1300
5200
4900
5500
2900
2100
2000
2900
5700
5200
2600
3300
3200
2900
2300
2800
4300
2800
3600
2300
5600
4700
5700
3000
3900
2600
3600
2600
2600
3900
4600
3400
2800
3600
5100
3900
6800
3100
4100
3900
3000
4900
4400
800
3500
2600
1900
4100
3900
6700
3200
5300
2100
1700
4600
5800
4700
1100
2100
2600
4900
5300
2800
4800
4500
4900
2100
4600
11100
7100
4000
3700
3200
1300
5200
2100
2500
4500
3400
6300
2400
2900
3500
5500
4600
5600
3100
3500
3200
3400
2700
4100
3200
3800
3400
2800
2400
5900
3100
4600
2600
2900
5200
4700
3900
2700
5900
4100
2600
4200
3300
2700
1500
2300
2100
4100
23700
3800
2200
2300
2500
3900
3600
25200
2000
2300
5700
3300
10500
3500
3000
1200
18100
11000
5300
3100
4600
4400
5400
3000
4100
4100
2400
3900
4000
2700
4800
2100
7000
1800
6500
4700
22900
3900
2700
6300
3800
3500
3700
4600
3500
3800
2100
2800
3100
3600
3900
6000
5600
4600
2400
3200
3300
3200
3700
4200
1700
3500
3500
2800
3200
3500
2800
2400
1700
5300
3600
5200
2300
4300
7000
5100
2900
3700
3400
3000
2500
3100
5300
4400
2000
3000
5500
2700
6700
3900
2400
5100
3200
3300
2900
5000
4100
1900
3200
3700
2800
3000
1500
2300
2500
6200
3900
2900
3600
5600
4600
4000
6200
3600
3700
7100
4000
3900
2700
2100
2300
16200
3000
4100
4000
3600
2500
3400
3400
6100
6100
3600
2500
3700
4000
2400
1800
3800
2500
8000
2000
2800
3000
2600
2100
4400
3500
1800
2900
3800
6000
3000
6000
4100
3500
2700
1500
5500
3000
4000
2100
3100
3100
5500
3300
2200
2800
4700
4800
3500
2700
3100
2500
2100
3000
4600
4900
4100
2000
3700
6600
5200
3200
4800
6900
2600
6500
2300
1700
5100
3200
7000
2100
2500
5400
3300
5500
23600
3100
6400
4300
7000
3100
3000
7300
10400
4300
3100
1900
2200
3500
2500
4900
3600
4100
3400
2200
6200
4700
6100
3700
7400
3500
3400
3700
3300
4900
4000
4800
6500
4400
4500
5300
3100
5100
5200
5200
2100
3100
5400
2200
6500
4500
19900
4500
4800
2700
3500
3900
2800
2600
3400
4000
2600
5800
2000
1900
1700
7900
2300
3300
7400
20900
3900
3200
4500
2100
2300
2400
2700
4200
6500
2000
3300
3600
2900
4700
3900
3300
5700
4000
2600
3000
1800
2900
5500
2700
2500
4300
3800
5700
4600
4900
2000
1300
6100
4000
1400
2900
2500
3200
6400
2900
2900
6500
4200
7300
2900
5500
3500
4000
2500
4000
4200
4200
4300
2800
3700
3800
3600
3500
5300
2800
3300
3100
6300
5900
1500
4400
1800
2400
2700
3800
3100
3500
4000
3200
4200
2900
3700
7600
4100
3100
5200
3800
1000
3900
5600
2800
5500
1800
3300
7200
1900
2800
4000
4800
3300
4400
4300
1300
3000
2700
21100
4400
3700
2400
4400
4400
2600
2500
3700
4000
6400
5100
5700
4600
8400
3800
5100
6300
3500
4200
4100
20300
3300
5900
2400
3700
5100
4400
3100
4900
3900
3800
3500
3600
6900
3700
3200
3700
5000
2800
3800
3400
4500
4800
3100
3800
3000
2400
2600
3400
2000
3700
1600
3900
4800
3400
2300
4100
3500
3100
3700
4400
3900
3300
1900
5700
4100
3900
4900
2300
2900
2200
3000
2800
2700
4100
3300
3300
3900
5300
4900
2000
3400
3600
4100
2600
3900
5100
4100
3700
3200
3400
5300
1900
2900
2300
5700
4900
5100
3400
2600
4700
5000
3200
3500
3700
4400
2600
4000
4200
7200
1300
3200
2800
3600
2700
3300
1900
5200
4500
4300
3300
4900
4500
7100
2800
4000
7300
4800
5600
5100
3000
3400
4400
4500
6600
2400
6000
4500
2800
2000
2400
3100
2400
3300
3600
3100
2000
2700
24600
1800
4300
6500
3700
3500
5300
3600
2000
2300
3500
1100
2000
3500
4200
3100
2700
2200
5100
3500
3900
3300
4000
6800
4400
3100
6500
6900
1900
4500
2400
1900
3800
1800
3800
3800
1800
1600
3000
6600
3000
2200
5300
2000
3000
1600
4800
2400
3600
4300
2500
2600
1600
2900
4300
5600
2600
4500
2600
5400
2200
2600
3100
4100
3000
3800
6900
3500
3300
6400
5900
4800
6500
4900
5800
4800
1600
3400
14800
3400
3900
4000
5700
3100
6300
3000
2900
5800
2100
3700
5200
4400
3900
1800
3100
3000
1900
4300
3200
4500
3000
3500
2400
2500
3700
2900
5000
2500
2600
4000
2200
3500
3500
5300
5200
4000
5500
3700
4700
2800
2000
7400
2200
7200
6200
5300
7100
2000
2800
3800
3900
5900
3900
4200
3200
1900
4700
4300
2300
3900
2800
3700
3500
6000
2400
3100
2100
3500
5800
4900
4800
2900
3000
22600
3900
7100
1800
3000
2200
4700
3800
3100
5200
3000
4000
1500
2900
4900
3100
3500
4300
2300
2500
2200
4100
3900
2100
3000
5700
1400
6200
7200
4200
4300
4600
5200
6300
4100
2500
3700
2800
3000
4600
4400
3400
3000
3700
4800
3300
2000
2700
4100
5200
5200
6500
18700
2500
3100
2700
4400
3700
3500
5600
23300
18900
15600
4600
3400
4200
6600
5800
2900
6300
2800
7100
2200
2100
2400
2300
7700
2400
3200
8300
3300
4300
4100
3200
5200
2900
4700
1400
5100
2600
4300
4200
4600
5200
2300
4500
4900
3300
4400
2800
2300
2500
3100
4000
3700
2000
4800
2300
6200
3100
2700
5900
3100
5600
8600
5000
4600
5000
5700
4900
8000
3700
5600
2300
2500
3100
4000
5500
2700
4700
3600
23000
6300
3200
5300
5800
3900
3600
4300
4900
3200
3100
2100
2000
4200
4700
4600
2500
2200
1000
2300
3400
10500
3600
4500
2700
3100
4100
1500
4400
3400
10000
6200
2100
2000
7800
2200
2600
4000
3200
2100
2300
2000
4000
2900
2400
1900
4500
3300
1900
2900
6700
5100
4500
3500
2400
6300
4300
3200
2500
2000
2900
3600
5600
7400
3300
2000
3900
2200
2200
2700
3200
3900
2500
3500
3100
3600
18600
3900
6000
8200
4600
2300
4100
5200
4100
4000
2700
3600
4200
4800
2700
3700
3800
4500
1700
3100
1500
2300
4200
3500
4900
6000
3100
3900
4100
4200
5100
2200
3900
6800
5800
4600
2200
3100
3700
4300
2700
3100
2600
3100
6700
3600
3900
3600
8400
3700
3100
21300
2300
3700
3700
2700
3200
4300
4700
3000
3200
2100
4200
22800
5000
4800
24600
6400
3300
2200
4200
3100
3600
4700
3400
2600
3400
4000
4000
3400
4200
4500
6200
4500
2100
3800
2700
4100
2600
2800
9000
3900
8700
3700
2200
4800
5600
2500
5600
4600
2800
2400
4100
3100
4300
3100
3700
4100
3200
5000
3800
3400
3200
2700
4100
3500
2900
2800
4500
3100
4400
3900
20200
3300
2800
2600
2900
3500
5700
3100
5900
4100
3900
5200
4300
7700
2900
4500
2500
4900
6800
2900
4500
12100
3200
2900
4700
3000
3100
3900
4900
5300
3300
3100
16300
7200
5300
4700
3800
4800
2400
5300
5200
4500
3200
1600
4300
2300
1100
4800
2400
5200
3000
3200
5100
2700
2700
19600
3000
2800
3300
6700
5600
3700
1500
2300
4400
4700
2100
1500
2800
4000
4800
1400
4400
1300
3400
3300
3000
4400
5900
4900
1800
3000
15300
1600
5900
4400
4100
1900
6400
4100
3400
2800
2100
3600
2900
3400
15200
3200
2000
2500
6400
4700
3000
4900
3300
3200
3700
4000
3100
2800
2300
1900
2900
2300
3700
4800
2700
2000
5200
3000
3300
3400
3500
4700
5300
5700
7100
6700
2200
4100
5400
3900
2200
2100
5400
2800
2200
4000
5700
3500
3400
2800
2100
5800
4100
2500
2700
4300
4300
2300
5300
3300
1700
3600
2800
2400
3500
5200
5600
4200
3000
3400
2700
3100
4400
4100
6700
3000
4900
1900
3600
3000
1800
4000
3100
3200
4300
6000
4900
1900
3800
3200
4600
5400
6000
4300
4100
3300
3000
5400
3900
3000
4400
7300
2200
6200
3500
5800
3200
2400
4900
5000
2700
5000
10500
5600
3000
1300
5200
6000
5300
3600
3000
2900
6600
3600
6100
3800
3500
2200
2000
4500
4400
3400
9800
3300
3800
2500
3500
28800
2700
4900
5600
3300
4200
3700
4100
3000
3800
3300
3800
3300
5400
27300
2500
2700
4800
5200
3200
3000
2800
3600
2900
3000
4100
3800
4400
3500
3500
3000
2300
3700
5300
5100
3000
3200
5400
3300
3800
2900
4400
3000
2600
3100
3100
5900
2300
3100
1800
3500
4100
3100
3400
2300
3800
3700
3800
2300
3400
4400
3200
3000
2200
1400
2100
3900
4300
1600
2900
1800
2200
3700
3900
5600
4800
3600
2000
3000
2200
3800
5800
2500
4800
3500
5700
2500
4000
7400
2800
4600
2800
4100
4300
4400
4900
2400
4200
2300
3100
1900
2800
3900
4100
4100
2900
3200
1700
3200
3600
3100
1800
3500
4600
5500
4900
2000
26100
7200
2300
6700
4400
7200
4800
3900
3600
3600
3500
2400
6400
3800
3700
4000
8800
4600
4400
4500
3800
3300
4500
4900
5200
4500
3800
1800
2000
3200
1200
3000
4400
7900
2500
7400
3600
4500
6000
4500
2200
3000
5200
2900
2800
4000
5500
4000
4900
3900
3100
2000
2300
4500
2200
3900
3600
2500
3700
3700
3300
5600
4600
5200
3700
2500
3900
3800
3700
5200
4100
6400
5100
5400
3300
4900
5200
3900
3900
4600
17500
4400
4000
2800
4400
2800
1900
2000
3000
1000
1300
4800
4800
3000
1600
3800
4200
4600
4200
4900
2800
4500
2500
33100
13800
5100
2600
3200
3500
4200
4400
2200
5100
6000
2500
6500
4600
1300
6300
1400
3200
4100
3500
3100
4000
2800
2200
2900
3200
3200
2200
3100
5300
2300
5200
4700
4800
4600
29500
6500
22800
2600
4100
2100
29500
4700
2500
3000
5600
3000
30300
2000
30200
3700
4200
6500
7500
2900
4600
2300
3400
3500
2300
5100
6800
3100
5600
3800
4500
3100
5000
3800
4900
3300
3400
3800
2500
5800
2400
2400
5500
30100
6100
4100
3400
2700
3800
6800
3400
4800
4200
2400
6400
3200
3100
5100
4300
3900
5500
3700
3800
3900
2400
2600
1600
3700
3300
8300
3400
2700
4700
3700
3600
6400
3900
3600
2500
2700
5800
3500
3600
2500
4500
1800
2100
3700
4600
3000
6700
2700
3300
5900
5100
3900
2400
5200
7800
3600
4300
6000
6000
2400
3700
4000
5200
4500
4000
2500
4400
4400
3000
3600
3200
2200
2100
4100
4300
5100
2700
2100
3400
4700
3100
8200
3100
2300
4500
4200
3300
2700
5100
3600
3800
31400
27600
3700
5100
5700
2700
3100
2200
2600
8000
3400
5500
2900
2800
2000
4200
2600
3100
2500
3100
3000
2600
5200
3800
3800
2600
5900
2100
2300
2700
4000
4500
3100
1500
3200
5300
4600
4700
3000
5100
3400
4100
3100
2800
2800
5300
17100
3700
2200
6900
3000
4000
3100
6400
3200
4200
4800
8700
4200
3600
2400
6000
4200
4300
4000
3100
2300
3500
5600
6600
3300
28900
3000
5900
2400
4800
2100
2200
2500
29000
4300
2800
4300
4500
2300
5500
5300
4300
3400
3700
4300
5200
3500
2600
1600
2300
30300
2900
2800
2500
2200
4600
7100
7600
6400
5100
4700
6500
5200
5700
3700
6000
5300
3000
5000
4700
3700
4500
3500
5000
3700
2700
2400
5700
2500
4000
2900
4100
4400
2200
1700
4100
4200
4500
4000
4700
3700
5000
7100
2100
3000
3200
1800
3000
4600
2800
1900
4600
2300
2800
3600
6100
1900
2800
6000
4800
4500
2000
3600
6200
2100
6300
5100
4800
3600
4400
3300
3600
2200
4100
2500
6100
2400
3200
3300
4400
4400
4000
6400
3200
2800
3200
4900
3800
2300
3400
3400
2900
3600
5700
3200
18200
4600
3400
2300
2600
2700
1800
3300
3500
5000
3600
8100
5300
3800
3100
7900
3100
4000
2800
5400
3200
3800
1900
1000
4600
4900
4200
5900
3100
27300
2800
4700
2900
4300
3400
3900
7100
5700
2600
1900
6800
2000
3500
6400
5500
1900
6600
2700
1800
3500
2900
15600
3700
1400
2200
4300
2400
3100
2700
15000
2600
2600
3400
2500
2500
3400
5900
3600
4800
2900
1900
3600
7200
1800
7000
5900
2000
3900
3000
3500
4000
5300
6800
3700
3200
4600
4500
3200
28600
8500
2200
1600
2700
3100
1900
3500
2900
3100
3800
3400
2100
3900
2900
4300
5700
1600
2800
2600
1600
2800
28100
2300
3000
3100
5500
3100
3700
2400
2500
3900
1800
3000
6100
4400
4000
3600
2800
2800
3500
2300
2300
2600
3900
27600
3800
3600
3400
2500
4100
29800
2700
3500
4400
3200
3900
3400
5300
2900
4800
6700
4400
6000
2300
5300
3300
1600
3500
6200
3100
3000
3700
3800
3100
3500
3000
5400
4000
2500
2500
2300
3000
2300
29600
4400
4400
2800
4400
3800
6100
3300
4700
2800
4100
2300
3900
3100
4100
2500
2000
28800
900
4000
30400
4500
28400
2100
2700
23600
3900
3200
2800
28000
28100
3700
3300
3000
4300
6400
3700
6000
2800
2800
2600
3300
2900
3100
1400
3100
2000
5000
5900
4600
7000
7000
3000
4100
5500
5800
4600
3800
1800
2400
6900
5800
3900
5200
7400
4200
5500
2900
10100
5700
8300
2800
6200
2600
28000
5300
3500
3300
4000
2600
5500
3900
3900
3600
5200
4900
6000
25000
5500
9200
2700
2400
4000
5300
3900
2500
4600
3900
2800
3400
4400
3600
5900
5200
3500
3700
3300
4500
3900
2300
3700
5600
5500
3100
3000
2600
3100
2200
1900
4500
1700
7800
2800
2700
2000
7600
4300
4300
8900
2800
3500
7100
5900
3400
3500
4000
2200
1700
2700
3100
3200
3600
5300
4200
5300
3800
2400
2300
2200
3900
4000
5900
3400
3000
2400
1500
2600
3200
25200
5700
3200
3900
1900
3000
8600
3000
4400
1700
3200
2000
2300
4500
3000
3200
24100
3300
3700
7200
4800
3000
2500
2400
4900
4700
23100
4000
3000
3700
3500
5300
2900
5100
4700
5500
2800
4600
4400
4700
3200
4400
3900
1800
3200
1500
1600
1600
3800
2200
2900
2700
5200
2000
18400
2200
2500
2800
5400
3100
1400
2700
1800
4300
3500
4700
3400
4900
12100
3300
3600
2400
900
1800
3700
3400
2500
2100
3300
2700
23200
2700
3300
3800
2400
3400
7700
2400
3600
2000
5500
2800
5600
2800
5900
4200
4700
14100
7500
3100
3100
4900
2800
3700
3400
2400
6400
2100
2800
2500
2300
5700
6400
5500
2800
3100
3800
4400
2600
3800
4000
1500
5100
3000
1500
2600
3100
3200
4600
4900
2900
6600
3600
9000
4900
3900
4200
3900
1800
2700
3300
5900
3400
7600
3400
2100
9800
2600
3400
4600
2600
2700
6300
3400
8900
2000
3300
3200
2300
2200
2000
4100
3500
2900
3100
5500
2100
4000
4500
2500
3400
5700
2600
3800
4600
2500
4500
3900
4800
5400
3400
2700
3200
3000
4700
4400
3000
2100
2900
3700
2100
2000
2700
2700
2000
4300
3200
3400
7400
2900
3700
3700
3300
1700
14200
4100
3100
3900
5400
20300
4300
1700
3300
2400
3500
5700
2800
1600
2400
2400
6300
2300
3000
2700
3200
3300
2600
3600
3400
2400
2200
5700
3200
3000
2800
5000
4500
6900
4900
3000
5800
3100
2200
3400
4900
1700
24800
9800
2600
5200
5800
3900
21000
3000
2000
4300
3800
4400
6200
4400
2900
6400
3200
2400
3600
1700
3200
11100
2300
3900
5200
2800
2200
4700
3700
3600
30700
3300
4800
3000
2600
5500
3900
3800
4200
4900
9000
2600
4800
2000
3700
1900
2200
5600
3600
3600
6900
2900
6200
3000
4200
3100
4300
2600
3600
5100
3300
3800
5700
6700
3900
2400
4700
3600
3700
2600
4800
4000
3600
5700
3300
1800
2100
67100
3600
3600
8700
3600
3200
7100
2700
2400
3300
3500
3800
4500
4300
3600
4000
3000
3400
2400
2600
2100
7400
3000
4800
4500
3000
13300
19200
3500
3200
4500
3600
1700
1800
2200
4000
2300
2900
3900
2100
2700
3100
3400
6500
2900
4200
2200
2300
2800
7100
6200
5400
3100
3000
3000
5100
1000
5500
3000
4200
7200
4400
3100
2000
3400
1800
2600
6600
2600
3900
4600
3600
4000
2700
5600
3100
3600
6100
4700
4000
6100
2600
4800
4100
3700
3000
4500
2000
3900
5000
5300
2900
4700
22000
3800
5500
2700
2800
15900
3800
3900
3400
4300
6000
4100
7300
3800
2000
5000
2700
1700
3600
2900
3800
20400
4700
2300
2600
5000
2900
4400
7500
3600
1700
2300
3100
4200
5500
3000
3700
5000
2700
3000
2200
1800
6100
3400
3700
6500
5800
3000
1900
6100
5800
2900
6700
3500
2500
5100
4200
3500
2900
8000
5900
6800
6400
5500
3400
6200
3800
2300
4600
4300
3700
6400
7400
4300
5400
4800
4800
4100
3800
5100
5500
4200
5400
2500
5300
3700
4000
5500
2200
3100
6700
3900
3500
5900
4600
1800
3600
3400
5700
5500
3700
4000
5200
2800
4000
1500
4500
5900
3000
2500
3500
1700
2700
4400
3200
7300
3400
4800
3500
5600
3700
3700
3200
3800
5400
33800
4100
5500
7000
4100
21600
3900
2100
5000
2000
1700
3300
5700
6600
6400
6400
1900
3800
3300
3900
2700
4400
3000
7100
3400
4200
4600
4800
3300
18600
6800
4700
6400
2600
4600
2700
3000
4100
4500
2300
3800
3100
2300
4800
3300
5400
3100
3200
5200
2700
22400
3300
3600
1700
3700
2100
3500
1800
4000
4000
3900
6300
6100
5100
4200
4300
3400
4800
4200
3600
5200
5300
4800
3500
6300
4900
4600
4000
4900
2600
4300
5500
3400
5700
4300
4100
4700
4600
7600
5800
4900
5600
3800
4600
5800
26600
6400
4600
3100
4900
2600
3500
5600
4300
5600
10200
4600
5200
7100
5600
4200
7100
4400
4100
7300
6000
7500
1800
5000
7900
4700
5300
7800
5300
3400
5200
5300
3500
4600
7100
6700
4500
2800
3500
2700
3600
3800
4800
3700
3500
3400
6100
2700
2000
4300
6200
3500
2900
2400
4600
1900
3200
3200
3900
3600
4200
3000
4800
4200
2600
5200
3600
3000
3600
1800
3600
4100
4000
3600
3100
1500
2800
5200
3200
4700
3200
4800
3200
4400
3100
5100
5000
7400
2200
3100
3900
4000
4900
6400
2600
2800
3800
6300
7200
11700
2700
2400
4400
4400
3300
3900
19500
8200
4800
4300
5000
2700
6000
3000
3300
3800
3600
4700
3400
2600
4200
4600
3200
3800
3700
2400
4000
3400
4600
2700
2700
4800
3500
21700
3100
3500
5400
4400
4400
3600
2500
3200
5000
5400
6100
4000
3000
4400
2200
3300
4200
2500
2800
4500
3700
4600
5400
2800
2900
3400
2500
3600
3300
3500
4500
4800
6300
5300
4100
2800
4200
3900
5300
25600
4100
4800
3600
4000
3500
3400
4100
4500
5100
5200
3100
5500
1700
4400
5100
5000
3900
3000
5000
5600
2700
3400
3300
3500
6900
3200
3900
5900
5800
4200
3700
6300
3000
3100
30900
2800
4200
3300
4500
6600
4800
2900
4300
4100
4500
3700
4400
4500
4400
4100
2700
5200
5100
3600
4400
7500
4100
5200
2900
3700
2100
19600
2000
6300
4800
4500
3900
2700
2100
3400
2400
4800
5500
4400
2500
5100
16900
1600
5200
4900
3200
7200
3200
1900
3400
5100
3900
3400
3700
4400
3100
4900
6300
5400
4700
6300
5500
3800
5300
4600
3100
4200
4400
6400
13200
3500
3600
3200
3000
2700
3700
3400
4800
5800
4300
6000
4700
6400
17600
3300
4200
3600
3000
3200
4100
2400
4200
5100
4900
3100
25000
4500
3000
4500
5300
3700
4200
4800
2400
3300
3600
1600
3600
5300
5900
3900
4000
4000
4600
4000
7800
5100
3500
2200
5200
3800
3400
4700
4300
4100
3700
3000
3400
4500
6000
2800
7300
5300
5000
4200
2500
5000
3700
4500
2300
3500
3600
4200
7300
6300
3700
3500
3500
6300
2800
5100
2400
4300
3200
2600
3400
4000
7500
5400
4600
4300
2300
30800
4100
4300
4400
6600
3500
3200
5000
2900
3700
26500
4900
5100
4000
5700
3100
15500
6100
3500
2800
2700
4000
2900
3600
4400
4300
3700
2200
4500
4400
6800
4400
5400
2500
2700
2500
7000
7700
2500
5000
2300
4600
5000
5200
1900
3900
2800
5800
2600
5300
2400
5100
1600
4800
3700
2300
4300
4000
2000
6200
1300
3400
3400
5400
2400
2800
5500
4300
3500
3600
2600
3600
4400
3500
3700
7100
4200
4300
28800
4000
2300
6000
5400
3600
4800
4000
2100
3400
5000
2800
4500
2700
6200
4300
3200
2800
3300
30700
5600
3000
2800
3400
2600
5000
2500
30600
4800
5100
3100
2100
3100
2800
2500
4000
4600
2800
4600
1100
2100
3800
4000
5500
2200
6900
3400
3800
3300
3100
3500
4600
2700
4100
4000
4100
3900
4800
3800
4400
3600
1800
4100
4600
22500
3200
3000
7300
4800
2900
10100
5900
4600
8300
3600
2800
3000
3400
2600
5200
5200
3600
2300
3400
2300
3700
5900
2900
2600
800
8300
3400
3100
2500
4200
2900
3700
8700
2600
5300
6500
2400
4500
2500
3100
5700
3100
4000
5700
4000
2100
5400
2700
3900
4200
3600
4000
3600
3400
3500
7000
6500
2600
3200
2800
4700
4200
1900
4500
4000
5100
5400
33000
5600
4100
2800
2400
2900
2700
6700
3500
5300
4000
4300
5300
5300
2400
3600
1900
5500
2500
5100
2200
3700
3800
3000
4400
4600
4400
4800
2700
5800
4100
2900
6300
1900
27900
2400
28900
3700
29600
2700
30600
2600
3700
3700
2200
2500
2000
2800
2800
1500
4000
28600
5300
2400
2200
3200
5900
3400
3800
4900
6100
1300
4500
5400
12900
3400
4400
4200
4500
5200
3300
6400
3900
5400
3600
2700
24400
3300
2700
5000
6100
1700
2200
4100
4900
3300
3900
19900
3100
6200
6200
3400
3900
2400
3600
5000
3000
4100
4100
4000
4600
3200
3600
2700
4100
2900
2900
4900
4700
3900
2800
3600
2000
1700
2100
1900
2200
3000
2600
2900
1400
2200
2200
2100
5500
2200
3000
2800
1300
3300
2200
1200
2100
2200
3300
2200
27200
1600
2600
1600
2500
28100
1900
2000
1800
1300
2900
2400
1300
2200
1400
2200
1700
2900
1400
1300
2300
1600
1500
1100
1400
3800
2300
1900
2600
27000
2500
2600
1600
2200
2000
1600
1700
1800
1500
1300
1400
27300
2900
2300
3400
3000
1100
1900
1500
900
1100
1200
1600
1900
3500
2500
2700
1700
1300
1400
1800
1900
1200
1700
1800
2700
2000
1000
2200
2100
3100
3000
1800
1700
3200
3800
1900
1000
1900
15800
1400
900
800
2900
3100
1300
2300
3000
1600
1800
2000
2200
2700
3200
1800
3900
3900
1500
1700
1200
1100
1900
2000
28900
1800
2900
2000
2700
1600
2900
2700
2600
3000
2100
2300
3100
5200
3800
14600
2200
3000
3300
2400
1800
2000
1100
1800
1300
2500
2600
25700
1800
27800
4000
2200
2000
3400
1800
1400
2700
1900
1700
3100
2600
2700
2100
2400
1800
3500
1900
2000
1000
3800
2600
1300
3200
2100
3000
2000
2200
2100
1200
2000
1400
3500
2000
1000
1300
3100
2000
1300
1800
2000
2800
1500
900
1400
2200
2800
1000
3300
900
900
2200
3700
1900
900
2900
1300
1500
700
1300
1000
1300
800
1300
1300
2200
1500
3200
2200
3400
1300
2200
1500
2000
5600
2700
1300
1100
3600
1500
2000
2100
1000
1200
3100
2700
1900
1500
1400
2200
2300
4300
3200
2200
1400
1500
34300
1500
2400
2000
1400
1900
2200
2200
1600
2900
3100
2700
2700
2800
3600
5100
2700
27800
2700
1700
2700
1200
1600
1800
1700
2100
1300
1200
1300
2100
2600
1100
2400
1600
2400
3300
2500
1700
2000
2600
1300
3500
1500
2600
2600
4000
1800
2400
2100
2500
1300
3200
1300
1400
1600
3200
2500
2000
1800
2200
2300
1700
2600
2100
2400
2700
2300
1500
2400
1300
2500
1400
1600
1700
2200
1600
3100
5000
2400
2300
2300
1900
2400
2000
2200
2100
1600
1600
2200
1800
2200
1300
2400
1800
1700
2900
1900
1000
1600
1600
1800
1600
1700
2100
2600
1800
3400
1700
1200
2200
2200
3900
2200
1500
2600
2000
900
2600
1700
1800
1300
1300
2000
3500
2000
2200
3400
3100
2100
2000
2100
800
2400
1700
2400
2300
1900
1700
2900
3700
2400
900
2100
2100
2400
2800
1900
2800
1800
1000
3100
900
2900
2500
1600
2400
1100
1600
2800
1600
2500
2700
2100
1600
1400
2500
1900
2100
3200
2900
1300
3600
1500
2200
2900
2400
1200
1700
1600
2300
2300
900
1200
1300
1600
2900
2200
2300
1400
2200
3000
3500
1500
1300
2500
2500
2000
1900
1400
1800
3600
3600
1900
2100
1300
3000
1700
1900
1200
1900
1100
2900
2200
3100
1500
2600
3100
2100
2500
1800
2500
2500
3600
1800
2300
2600
2000
1600
3000
1300
1900
1200
900
1300
1600
1500
1900
1600
2100
2200
2600
2800
1700
1000
2300
3000
1200
1900
2300
1500
1700
3000
1600
3300
1900
1900
1500
3000
1200
1900
1100
1500
2200
2500
1700
2800
1500
3300
2700
1900
4300
1300
2400
2600
1700
1400
1400
1900
1700
2800
1400
1700
2200
2100
1600
1900
2100
2000
3000
1400
1800
2100
1000
5100
2100
1800
2200
3000
1200
3000
2400
3300
3500
1500
2500
1600
1500
2500
2000
4800
2700
1400
3800
1600
1500
2500
2700
1100
2400
1700
6600
1700
1500
2200
2600
2200
3200
2800
2000
3200
22500
1900
1900
2400
1300
1900
2200
1800
2000
900
1500
1000
2100
2000
900
1700
1300
3100
2100
2800
1900
2000
2200
2100
2200
1600
3400
1700
1200
3100
1700
2800
2800
2300
1700
1800
1500
1700
2100
2400
1000
3000
1700
2200
2000
1800
1900
2700
1500
3400
3200
2300
1700
2100
2700
2600
3600
5300
2300
2300
2700
3500
2300
1400
1300
3400
8300
4500
2600
1700
3500
2600
1700
4800
2000
1700
2500
3400
1800
1300
1600
2200
2500
1600
3000
1400
2200
3700
2400
1300
1300
2800
2400
1100
2500
2500
900
2400
2300
2900
1400
1600
4000
3200
3300
3400
1200
3300
5200
5200
2600
2800
5200
2500
1800
2700
900
2200
2500
2600
1300
24600
1100
2300
2400
1600
3400
1500
2300
1500
2200
2200
4300
2000
2400
3600
2600
2500
2900
1300
1700
3500
1900
5500
1800
1200
1800
2600
1700
2000
2300
2300
1100
2100
2100
3200
2700
5100
2600
1900
2200
2900
1400
2900
1700
2600
5600
1300
1900
1000
1900
1900
2100
2600
1200
3100
2800
2600
21900
1800
1400
2100
2200
3500
3500
1800
2100
2900
1900
2500
1500
17600
2900
1900
1500
3300
2500
1600
1600
2000
2500
3500
2800
2400
3500
2000
2500
1600
2400
2800
1200
1900
2400
2200
3000
2500
2100
2100
1800
2300
20700
2300
2300
4300
2000
3600
3000
2100
1000
3300
4100
2600
3000
3100
2900
3100
1500
2900
2400
1900
2400
3900
4300
2600
1600
4600
2200
4400
2900
4900
3300
4000
4500
3200
1200
4800
1900
1800
2900
2900
2800
2600
1900
19600
1000
3000
3700
1600
2600
1500
1900
1500
1800
2300
2400
2300
2500
1400
3700
3100
5200
3000
2000
2400
1900
1300
2300
1900
2000
1900
2400
1900
3200
1700
3600
2600
1300
1600
2400
3200
2700
2300
1800
2000
1700
2500
1500
2600
21500
1800
1900
1900
2700
1100
2500
3000
2800
2100
20500
2600
22700
1500
2400
2000
1800
21300
2800
17200
5200
1300
22800
2300
3500
2300
22500
5700
1800
4800
3100
3700
1700
3100
3300
1800
3200
2000
3200
2400
3600
3800
2100
4400
1800
3600
2800
1400
4200
1800
1700
14300
2100
1500
3700
2900
21900
3500
1200
2500
3400
1300
1400
2000
2100
3500
2300
23400
2300
4500
3500
1400
2700
2300
2600
16000
3100
2400
2700
5500
2100
2100
22000
3100
3500
1800
21600
2700
1900
2400
3200
3200
1700
1200
3000
3100
20700
1100
2100
2000
20900
1800
1700
2900
1900
2800
2400
1000
2700
20700
2700
1400
3100
2100
1300
1700
3200
1500
3000
2800
1600
20800
3300
2800
3400
2500
1300
2900
2200
21300
3400
1300
2700
2500
1800
25000
2100
1600
4000
1800
2900
2100
1700
2200
2500
1700
3500
2700
2300
2900
1800
5500
1500
2500
2200
1700
1500
2900
4100
3300
2600
3100
3100
4100
2900
3000
1400
2800
3100
1900
2600
3200
2000
2900
2300
3800
2400
2200
1200
3600
2700
1300
2300
1500
2500
2000
2100
3900
2700
3100
3500
3000
2100
1500
3000
1200
2700
1800
1800
3100
2100
2500
1900
2000
3100
3700
2200
2000
2000
20400
3300
3800
2700
2800
1700
3500
2200
2800
2800
1600
2700
2200
1800
16100
2600
2900
1600
1200
2300
21000
1800
2300
2800
2600
2200
5100
2300
3200
2200
3500
1200
2300
3500
2600
2300
3500
1200
2200
3600
1700
3000
2500
2400
400
2500
2800
4200
5100
3600
2100
4500
1800
3100
2000
3500
3100
1200
2500
3500
1800
3800
3000
1700
20600
4900
3900
2000
700
1600
1800
4500
1700
1900
2000
2600
22400
3700
1400
3300
2400
5426100
33000
27000
13200
20600
15900
20600
34600
19200
11400
17900
23000
23500
15200
17100
63200
28400
16500
7900
46100
26700
14400
15700
7600
11300
6000
17500
10000
11100
10500
11500
8800
8200
13500
8000
21200
11700
7200
14500
7500
6100
20300
46400
9900
4900
3500
5300
8700
3700
4600
3400
2700
3100
3600
3700
3900
6100
5500
4600
5400
2700
2300
6400
10400
8300
5800
5900
7500
5700
6900
5200
4100
7400
2600
3500
7100
3600
9400
6500
5900
6100
4100
3700
7100
7400
5900
4000
6300
7100
8600
5600
4100
4600
11700
9600
6000
3900
4900
5100
9600
7800
8700
4300
5700
10400
11400
5100
3800
23200
6000
4200
8600
7100
4800
8400
5700
3900
12900
4100
9100
11800
5100
6100
4500
8700
13000
6700
16200
12900
11100
5600
11000
6400
7100
3400
4900
8200
5900
5900
9100
5400
15200
17300
9400
15500
13600
15100
26000
6300
5400
3100
2100
5000
6100
6000
3300
2300
2400
3800
2700
3300
6300
25100
4800
4200
2300
4000
2900
1900
2500
2300
2600
2400
1900
5300
5300
3900
4500
4700
4600
4500
4300
2600
2900
4900
2300
4500
6800
4200
3800
2300
2500
3000
3700
2500
3300
4300
3800
3600
3800
2700
3200
3400
3200
3700
9400
2900
5200
4600
5100
1900
4000
4100
5200
3200
3400
1400
5300
3800
3200
5200
3700
5100
4000
2400
8200
2500
3300
1800
2700
2900
4400
3200
4200
3100
5000
3400
2900
5800
5400
4000
6100
5400
2600
4800
4800
4800
2800
4500
6000
4700
5700
4900
4800
2400
5700
5600
5100
3000
3100
4700
4700
5800
8000
6700
4100
5400
2400
4100
2700
3700
39800
2400
4600
5000
3700
4900
4700
5700
3900
3700
5200
2400
1800
7500
3800
5300
3400
2400
2200
3000
4400
4500
4900
3200
2800
2800
3600
5700
3500
6700
3900
3100
7900
4600
7000
3600
4300
4200
4100
2900
3500
3500
4600
4600
13700
2600
3200
5600
2300
7800
3700
2000
3200
2000
2200
5800
3900
4600
2300
3300
5600
5100
4900
6000
6600
6200
6700
4000
3200
4600
2100
3400
3300
5200
6300
2900
4700
4700
9900
3700
5500
5800
4400
4900
5600
5000
2700
4300
3700
5800
4400
2500
6100
4800
9200
6700
9500
5800
5600
5400
5900
3000
4600
3000
6800
5100
7600
4300
6300
4700
2400
4500
7400
4300
4300
7200
5300
4200
9300
8300
5400
16200
2500
5400
2800
4700
22200
2700
4200
6600
4100
3700
3500
4100
3900
5100
7300
6500
5200
6000
12500
4900
8300
7500
6600
9600
9500
5400
9000
6600
10800
4100
6600
5500
8500
5800
3600
6800
3400
5400
7700
3700
4100
5700
4200
3400
6000
4100
4700
2000
3300
2900
2300
3500
3400
3900
4000
3300
4500
9200
4000
6700
8600
6500
4100
3700
5900
6500
2600
2700
2500
5000
3900
2900
3600
6200
2300
3300
63000
2100
26300
21400
4800
3100
2500
3800
2300
4900
4900
3700
4400
5000
4000
6100
5800
5700
5500
8300
4200
2500
7000
5900
3400
6100
3100
5300
3800
3000
3500
2300
5000
6200
6300
8700
3800
6200
4600
6400
3700
8000
6600
3200
5700
6300
4000
5300
9100
4900
4100
4100
6300
3900
5400
5500
4000
3700
5400
5600
6100
3700
8900
3900
3300
1900
2600
5300
3800
4900
5800
4800
5200
3600
7200
6100
5700
5600
5200
2700
4200
5300
3800
4800
4300
3200
5200
4700
5200
4000
6300
4000
5400
4200
5400
6100
6100
3600
3200
2800
3800
3600
5800
5100
3800
8900
8300
7600
5800
2300
1300
4000
3600
3600
5900
5700
7000
6400
4700
7000
2400
7000
5600
3900
2700
3100
3800
3300
3800
5200
4700
2000
3300
5400
4000
5500
6500
7800
8800
9200
5800
3600
4000
3000
4300
7400
7300
4800
6400
5700
6700
2900
3700
6300
3600
3900
6300
4900
4100
3900
4300
4700
4800
7300
7100
6500
4100
7700
23000
5100
4800
9400
4900
3400
2900
3700
5200
5700
6500
5700
6000
8900
7200
5200
7600
5900
5300
5000
3700
9600
3800
6600
9800
5700
7800
10800
6100
5200
11100
4500
3800
4100
2900
3000
2500
7500
4500
5800
4300
7100
6100
2600
3700
20200
4000
4700
2300
3600
5200
6400
7500
6100
4500
5500
5800
7000
6000
2200
3700
6200
6500
5600
4400
5900
5000
3800
3000
3900
5300
3200
4600
5400
5100
4100
5700
3800
3000
3400
7400
10100
10300
6500
3100
7400
7200
8600
5200
4500
5000
9400
6300
7700
10900
6000
8600
5200
4200
5500
4400
7400
5200
5200
3800
33500
4200
21100
5500
8400
5100
4900
7700
5700
5300
7700
3500
5000
10500
4400
9200
2600
4800
8100
4200
5500
2800
6900
6900
7900
6500
6400
7000
5500
5000
10200
1900
3600
7000
6500
4100
6200
6600
5700
4400
7300
9900
5000
6000
3300
9300
7900
5900
5800
6200
10700
3900
4900
5500
3700
5500
13200
5400
10200
4700
4700
6000
4400
5000
3000
6100
6100
4500
9000
7000
10400
3700
4900
4100
6500
5200
6700
4200
2600
4100
3000
6900
2700
2300
9400
4500
2300
4800
2700
3000
6300
2900
2300
2600
2700
3100
2500
3300
3200
3700
2400
3500
2700
3100
5300
6300
3200
2000
3400
3200
3200
3500
7400
2600
3000
3800
3500
2500
2500
1700
2800
1800
2200
4100
3600
3100
4100
2200
3100
8000
2500
6300
3500
4100
2500
3000
4800
3200
2900
3000
2500
4000
3200
1600
2900
2400
1700
2600
5700
2300
1900
3700
2300
5700
1500
2300
1400
1700
1200
2500
1700
4300
3100
3700
2600
6000
3900
3000
3300
3400
3400
4200
2500
3000
1600
2800
2600
3200
2800
2700
3400
2500
4600
5000
5900
3800
3000
4700
3500
4300
4200
4400
3300
5700
1700
3200
4000
3500
2700
4100
7800
4100
3600
3000
2500
4500
8300
2200
2100
4100
2900
3200
4100
2600
3000
2200
2000
2600
1800
2900
3200
3500
8600
2900
4200
3900
5600
2800
3500
2500
3000
2300
3000
6700
1900
2400
3400
2900
4400
2700
1800
3000
2700
3100
3500
3100
3100
4200
2500
3500
3300
3900
6300
2700
1500
2700
4000
3800
6100
3600
2600
2300
4600
1800
3000
3400
3600
3000
3400
3900
3100
2100
4300
2800
3900
2500
3200
5100
3100
4000
3600
3900
3200
2200
2800
6500
4300
2600
4400
3100
3400
3300
4200
2800
2100
3500
5600
4800
2800
3300
3700
3000
3500
4000
2800
3200
2900
4100
3800
3300
4200
3700
4000
2500
3300
3700
1900
1500
1500
3400
4600
6100
4500
2700
2900
46000
4100
4100
3700
6000
4200
2500
3100
3800
3900
4000
3300
4700
3200
3500
6600
5700
2700
3100
1600
3100
2200
4600
3200
9300
3700
3700
2600
1800
8000
2700
3500
3100
3200
4400
4700
4400
2600
3000
3700
3000
2400
1900
4000
6100
3700
2400
3000
3200
3700
4400
2500
2900
4700
2900
5900
3000
3300
2000
3100
1800
2400
5500
2200
4300
4100
5400
2800
4400
3000
2400
2900
3900
3600
2600
5300
3900
9900
4500
7000
3300
4600
3700
2900
2800
2800
2200
2600
3000
2300
2400
2600
3100
3300
4700
3900
8000
3500
4100
4500
2400
2700
3400
2000
3300
1500
2600
2500
8100
4000
2200
3900
6900
2400
4300
3400
4800
3800
1500
3200
2800
2900
2900
2800
3900
5000
2500
3500
3100
4100
2900
2800
3700
2900
4300
2700
3300
2600
2300
4000
2100
4000
2700
3100
4500
4700
2400
2800
4100
3100
3600
3000
3900
2800
1800
5800
3200
4100
4500
3600
3400
2700
2100
4500
4600
2500
3200
3700
2500
3400
5200
4100
2400
3600
4200
5200
3100
4400
2800
5100
2000
2800
3000
3100
4600
2900
6400
3400
3300
2700
2300
3800
4200
5100
4500
3400
3300
1300
5100
2100
2100
8400
3500
4100
2700
2800
3700
4000
3000
5400
3300
3300
5400
4000
4700
7800
6100
2300
4100
3600
2900
4100
3500
7500
3600
3600
4800
2100
7100
4100
5400
5300
6000
7100
3700
3100
3500
2800
2400
3000
4300
2400
4200
1600
5000
5700
2900
2400
4700
2900
4100
4300
3600
4400
3400
5500
2200
3000
4400
7700
3900
3900
4000
5100
2500
4000
5800
4100
2100
3300
2900
2400
2400
2100
3500
1700
1800
2100
1400
2700
3300
2500
2600
3000
2600
4700
3300
4100
3800
2600
3300
3500
3100
3100
3200
3900
5800
2900
5800
4100
4400
3300
3300
2700
2800
3900
4300
3000
2900
4000
3000
4700
2400
3200
2800
2700
1400
1500
3300
4500
3200
4200
3900
3800
4100
7000
4100
2300
3800
3200
3600
3600
1900
2700
3700
2700
3000
3200
3800
4400
3700
7900
2600
2000
3500
2500
3800
2100
5400
4800
4100
4100
4600
6000
4200
2700
3700
4800
2700
3200
3100
5100
3100
3800
1500
3400
3500
2200
3100
3600
3700
3100
4000
6800
2400
3800
7200
3300
5900
4400
3000
3700
3600
5300
2900
3600
3600
3700
3000
3400
6800
2600
3700
5500
2900
6200
3300
4800
2900
4700
5800
5600
2700
4100
3700
9200
1800
3300
6000
4100
1700
3300
3300
4000
8700
4300
4000
5300
3700
3300
2400
2800
3100
5800
3100
2600
4100
2700
3300
5600
6300
7800
2300
3900
1800
4500
1300
1500
3000
3700
2800
5300
5200
3700
4700
5700
5400
5600
4100
3800
2900
5400
2300
3800
5100
5800
3600
4000
3000
2100
5200
7400
5600
4200
3000
3500
5600
2500
4000
4300
2100
4100
3600
2700
3800
5100
1400
2800
4200
2800
2500
7000
4200
4900
3200
6300
4500
4600
3800
3600
3300
3200
3600
5400
3200
4600
3000
4800
4800
5000
4000
3200
2600
2900
3200
3500
3200
3500
2500
7600
2700
4600
2700
4800
5000
6800
6300
3400
4600
4500
3800
2900
7200
3800
2900
9200
3400
2700
3000
4500
4500
4200
4400
4700
3700
3600
3700
3000
2700
2800
5500
3300
2700
3100
8800
5700
4200
4800
4700
5400
5300
3500
4600
4700
3800
5300
2600
3700
4800
2800
2500
3600
4000
6200
4000
2700
4900
2700
5100
4600
4600
1900
6900
2500
3500
4000
2600
3500
8300
4500
2900
2500
3600
4600
4400
3800
2000
3400
4100
6200
3400
3100
3600
3200
2000
3100
2900
4200
5700
3600
5500
4700
3600
2500
5800
4200
1600
4200
3200
1700
3400
3900
2900
4000
3600
5400
4400
4200
3100
1900
4500
2300
3200
3000
2800
4800
1900
3000
4500
3000
5900
8500
4400
4100
5200
2400
2500
2200
3900
2100
1900
5400
3800
4500
4000
8300
7600
9100
4700
6900
16200
2900
2100
5500
3400
1400
6700
5900
6100
3400
5600
2800
3000
4800
4500
8000
2900
4800
3400
5000
4900
3100
3600
6200
4000
3500
4900
3400
11500
5300
4000
5600
4200
2900
3000
3900
5800
3000
2900
5600
3600
5500
2800
4500
4200
2900
1900
2800
7400
6800
8400
4000
3300
7000
4200
4400
7700
3300
7800
3000
3200
4500
3500
5500
4500
4900
5000
2400
6600
3700
5400
3700
3200
3200
2900
4100
5200
4400
4300
3600
7700
3900
5800
3900
5200
4100
5900
4100
5300
4700
3800
4400
3400
3700
4200
7500
3400
6900
4400
4200
2600
5300
3300
3100
4500
4800
3500
3500
1900
5800
3400
3000
3100
2800
2100
4100
4900
5000
4900
4800
10400
2600
4200
2800
3500
4500
4600
3100
4200
4900
5100
2300
4100
3500
3700
2700
2600
3200
2300
4100
5300
3300
1300
2900
3300
3800
4600
4100
3300
3200
5400
2100
2100
6300
4900
3100
5300
3000
3500
3800
4900
4400
4200
3000
2700
3600
4500
3500
7200
3300
2800
2200
2900
6600
3100
6000
5600
3400
3600
10600
6800
3700
4200
5100
4300
2700
4200
3300
3700
4600
4800
3100
4500
4500
3000
4500
5200
3000
4300
3100
3100
3000
3400
3500
3000
5400
3500
6800
2800
4800
4500
5200
2700
6900
3000
4200
3600
3500
3900
4100
2300
2000
2100
2400
4100
3300
3700
3600
3600
5500
4400
4600
4100
4400
3900
4500
3400
3600
5800
2400
5000
3700
4700
5000
5300
4300
7800
3600
3500
5000
6100
5300
3700
3200
3900
7700
5600
4800
2700
3500
3800
3300
4400
3600
3500
4500
5900
3500
3400
2800
3700
4200
4500
5600
3500
3700
3500
4000
3000
4600
6700
6400
3200
5000
3400
3500
2900
6000
4700
4100
4300
7700
3800
3000
4400
4700
4500
5800
1700
2500
4100
4700
4800
3300
6600
3700
4600
2700
5500
6600
4400
5500
3200
2500
4700
3200
4600
2700
6400
5800
4600
3100
3800
4400
3400
3200
3900
7300
5200
2900
6800
3400
5300
3300
3400
5200
3400
3200
6400
4200
4500
3600
4400
3900
5200
5600
7300
5200
4500
4100
2700
1900
7500
3100
2900
3000
6200
3800
4300
2800
3200
4200
5200
4200
6100
4100
3700
3100
4600
3000
2900
3700
4300
3800
6200
3300
4200
2500
7500
4300
4200
4200
7000
5300
3400
4900
9000
4100
3600
3600
4100
4900
4000
4500
3900
4000
3500
3900
3400
3100
4600
2700
5700
6200
8300
4500
2900
4700
4900
3500
4500
3500
3100
3000
3300
4600
2800
4600
4100
3000
2500
2400
3600
3900
4900
4400
3300
3500
6300
4000
5700
5800
2900
3800
3400
5800
3900
6000
6400
4200
4800
4300
4000
4200
4800
4100
2800
3600
3400
2800
3200
3300
4900
3400
3800
8800
4300
4000
3500
6600
3400
3900
5500
3100
2800
4000
4000
4200
3900
1800
3700
4500
3500
5200
3400
2700
3000
4300
2900
4000
2500
4100
4500
3500
3600
11300
5900
3400
5600
2700
3800
4500
3400
6200
3300
3900
4100
4000
1900
2600
3900
2200
3400
2700
4000
3000
5100
2400
4300
5200
4100
3100
5500
2700
2400
3700
6400
5600
6000
3000
4500
7400
6000
5400
4300
5100
5400
2600
5600
4900
7600
3300
5000
6000
3100
4000
5900
4700
7900
5800
4800
4700
4900
5300
4600
4800
5100
5600
3700
4800
4400
7600
3800
6000
3200
4500
6000
6200
6000
4600
2900
6400
3400
5000
3400
3000
8300
2400
5100
3600
3900
3600
4900
5800
3100
3800
3500
4100
13200
4700
4100
4100
3900
4600
3400
3500
3000
11100
2900
6400
4900
5300
4400
4800
9200
4000
3000
3400
2500
2000
1900
5500
2800
3000
3700
2800
4500
4400
7300
7700
5100
3000
6700
4600
2900
2900
3700
6400
4100
5400
5600
3600
8700
3500
4400
5200
4000
5600
4400
5300
2500
6700
5500
5300
3900
3400
4000
3800
3800
6100
3600
4400
4700
3600
2800
3100
7000
2600
5000
3600
6200
5300
5100
3800
3900
3700
4300
3800
3500
4500
4600
4800
4400
4400
5900
5100
7200
3900
4100
4500
3800
4300
4300
1300
6400
4400
2700
6300
4700
5000
5000
8200
3500
2800
4700
8400
5900
2100
4200
3900
6400
8400
4800
5700
5100
4400
3300
6600
4900
7800
5500
4200
3900
2600
7700
4000
3100
5400
4300
8000
3500
4600
5000
7800
6100
5300
3100
5400
2100
3200
2700
3800
3000
6900
4000
4700
3600
6900
3700
6100
2900
3200
6400
5400
4000
4200
7000
4500
3000
5400
3700
4000
2400
2600
2500
4400
2700
5200
2800
3700
3700
3200
4400
7500
3100
3500
5400
4800
10900
3900
2600
2600
7400
9700
6600
4800
6200
5800
4700
5500
5100
5700
3900
6300
4000
3400
7000
2700
6400
3500
6200
6700
5800
5100
3400
8100
4100
4000
4500
6300
4700
4500
3200
3200
3700
2800
4700
5000
5700
5900
4000
4200
4200
4200
4200
6000
3500
4900
3700
4000
5500
5000
5300
3400
2600
6300
6400
6200
4200
4100
5000
5600
3900
4600
4200
4100
3400
3600
5800
5300
3000
2100
5100
4300
7500
3900
3200
5700
3500
4800
3700
2900
3600
1100
2200
4000
1900
3400
3800
3100
3200
7900
5100
3000
4800
6200
5600
5400
6100
5700
4300
7300
4300
4100
5100
3400
4400
3100
4800
5800
4600
3300
4400
4700
4300
8000
4500
4200
2000
4000
5200
2900
2500
5400
4600
6500
3900
8500
3600
4200
3000
4200
4300
2200
4900
3700
7500
4300
4600
5000
4700
4100
2400
5600
2800
4700
3600
2700
3700
5400
2100
3500
3200
5900
2800
4000
9700
3800
3200
3700
3900
4800
3600
4400
3000
5200
6500
4800
5000
5500
6100
3400
7600
3400
3100
6200
3500
7500
2200
2700
3600
2400
6300
5100
3300
5600
4100
6700
2900
4400
5600
7300
5100
5200
3900
3000
4700
3700
6300
5000
5100
4300
3000
6900
6300
4700
6400
6100
2700
4800
6100
3700
3400
3300
4400
3300
5100
4100
4300
3400
5500
4800
6600
3900
4200
5100
3400
7000
6900
2300
6500
5900
5600
5100
3900
3300
2500
4200
5100
3200
6100
2800
3100
2700
8400
3700
2800
5900
3200
5800
5000
7400
3600
3400
3500
4000
4100
6900
3100
4500
5200
3700
4200
4700
3900
6900
5300
4200
3800
3800
4500
5600
5000
4300
5900
5200
7400
6900
6300
2800
2300
6600
5200
2300
4400
2900
10700
8300
3400
3300
6400
5700
8100
5200
6900
5900
5200
2700
4100
6100
4700
4800
3200
5200
4500
5200
5000
4400
3900
4500
3000
6800
6200
2200
3200
3400
2800
3300
5300
5500
4000
4300
4400
4800
4200
4800
20400
5100
4700
5700
6000
2300
4900
5500
4900
8500
3100
4700
7000
4100
4900
21700
5600
3800
2700
3000
1200
3200
2100
3700
4900
4200
3000
4500
4500
4100
4000
3800
3800
5600
4500
5500
5100
9500
5000
5600
7000
4600
4700
5700
8200
5200
7100
3400
4200
5900
6500
4200
5800
4700
4400
2700
5700
9300
3300
2800
6000
4300
4100
4400
4900
4900
4200
3600
3800
3300
2800
3100
4600
2800
4600
3400
4000
7200
4700
3500
4500
5900
4100
4800
3200
4500
2400
2900
5300
4100
5700
4100
3800
3600
3400
4100
3800
3900
4000
4700
3500
4200
5600
4600
3300
3200
3100
3800
3300
6400
5800
5600
3800
3400
5700
6100
2500
4300
3900
5200
6000
4900
3200
4400
4900
5700
3500
4100
4100
5200
3300
4600
6100
6700
2500
4200
4000
5900
4500
3200
2900
5400
5800
6400
4200
6800
5100
5400
3200
4200
8700
5200
6400
4300
4400
2700
2700
4000
3200
2400
7500
3600
4400
3900
4100
4200
3600
4600
4800
4000
3400
3800
6700
2000
5000
6600
4800
3500
3800
4000
2700
3500
4700
1900
2600
5000
4000
3200
4000
2400
14000
5600
3800
3400
5200
2500
5000
3900
4900
6600
3100
5900
4100
3500
4900
2900
4900
4200
3100
2400
5000
4900
4200
3100
5800
2700
4600
3500
6300
3200
5200
5900
3600
5000
3200
4300
4100
7700
3400
5200
3600
4900
3000
3500
4100
4000
4100
4900
3600
3900
1900
6400
7000
5800
5600
6100
5600
5800
2200
5500
4500
5000
3600
4200
5100
4000
6500
4300
5100
4500
2600
4500
8300
7200
6200
3000
4400
4700
3700
5400
5000
5000
4300
3400
2600
3300
5700
3900
5900
5700
3900
4600
5000
6200
4200
4200
8100
4300
4900
3700
4700
2700
1600
1600
2700
7600
5600
6100
7600
3900
3400
4800
4000
5700
4100
3100
3600
3500
6700
5800
3500
4600
4100
4100
5100
5900
4000
2800
2700
2600
5700
6000
5300
3700
4000
3100
5300
8800
3100
5100
3500
6100
4300
4200
7600
3500
4700
2600
3300
4600
4400
4100
5100
3700
3800
3500
4900
5300
3000
5100
7600
2100
5500
9500
5200
4600
4300
4000
6900
4500
3300
4800
4400
5100
5300
3500
4900
3100
5600
7800
4100
2900
3900
5800
5000
5800
7200
3600
3300
3700
4100
6000
4700
4500
7400
4200
6900
4300
5800
4500
5600
9400
5700
3900
6700
2800
6900
3100
2900
4200
4200
6500
4400
4700
9600
5400
4500
5900
5200
4700
3600
6500
2500
5700
3800
3200
3400
2900
6700
3200
4400
5400
3800
5900
4100
4300
4400
4300
4600
4300
2700
6500
3300
6700
5200
4400
7700
3600
6200
8900
4100
5500
5100
3900
5400
6400
4900
3000
3800
2200
3000
5900
7300
4700
5200
4100
6100
7200
3500
6500
5600
3200
5200
4200
3900
3800
4600
2700
1800
5900
6200
6400
4400
4200
1300
2400
5400
3900
3100
5400
2300
4100
5000
3600
6200
4200
7400
6400
3800
3700
8500
3400
3800
5500
5400
3100
3900
2400
5400
3800
2900
4000
6000
3200
2900
3500
7600
5900
5100
5400
3400
6100
6300
7200
3100
4200
4000
4200
4300
7000
3800
2900
4500
3100
3000
3800
3900
5100
4400
3500
3300
5100
4300
3800
4800
6900
4900
2600
3900
6800
4200
4700
4500
4100
5500
5200
1700
2400
2700
3700
1500
2500
2900
3300
4900
5200
6100
9200
3800
4000
4500
3700
6000
2900
4300
6000
7400
6200
3000
4600
5100
5800
4400
4600
4900
3300
8600
4200
3500
5800
6300
5800
4400
4500
3500
5400
4200
4400
3400
6500
5800
5200
4500
3100
4800
5800
6100
5100
3500
6400
4200
2800
4800
3700
3300
5400
5000
3500
4100
5400
6000
6400
5300
5300
8000
10700
3500
4300
4300
5600
3300
4000
6700
4800
8600
6400
2900
3200
6300
3300
5500
5300
3200
4000
5400
4500
6700
4100
3600
5800
4400
7300
3300
5700
5400
4800
2700
4500
4200
2800
5000
3400
6500
4600
3900
4500
3800
3900
3500
4500
5600
3500
5000
6100
4100
6800
5500
8900
5300
4400
4300
5400
5000
3700
6600
7000
4200
2600
4500
3100
3000
3900
6600
5800
3400
3700
6000
5600
4900
11300
5800
5900
3500
6300
4700
5500
2400
3100
5500
3900
1600
4100
4800
2800
4800
4500
3700
3100
4100
4100
4300
4300
5000
4700
6400
5700
1600
4300
5800
3800
3700
3200
3200
5100
7000
2800
5700
2200
5300
3500
5600
4800
7000
7200
2200
5000
3100
2700
4400
7300
4400
3200
6900
5500
5300
3400
3500
5700
3400
6400
5600
6800
4500
4600
9100
4100
3700
6800
2700
4700
5100
6100
5000
5400
2900
3500
3900
4000
6100
4300
3700
2800
5900
3100
5000
5300
3100
5400
4200
14400
7300
5800
2800
4900
6700
4200
2100
2900
8700
5600
4100
5300
5600
4900
6100
4300
3700
4000
5500
4500
4000
6500
5800
3800
6500
4700
1700
3000
2200
1700
3900
5600
6700
4700
4300
3300
3300
6600
6600
5600
8500
4100
8600
2800
4900
5100
3600
4400
4500
4000
5500
5700
7800
3400
6300
4100
5900
4800
6400
5600
4900
4300
4100
6300
3900
4000
4600
6400
3400
8200
4800
6200
5900
4500
6700
5100
3700
6000
8800
7000
4800
1800
6100
5600
5300
5000
3100
3700
6700
5100
5600
5000
4600
3100
3300
6000
4100
5000
8400
5000
6400
3900
3700
4900
3300
8200
7100
4800
5900
4600
7100
4300
4600
6100
5500
4100
7100
7800
4500
3600
5100
6400
5000
5300
4000
4600
4300
3700
6300
3700
6300
4500
4600
4000
8900
3900
6900
5500
3900
4400
8100
5200
4000
2700
5200
4700
4000
2700
4300
7000
4300
5100
1500
3500
3000
2700
4300
3900
4500
6900
4600
3800
5200
6100
4700
5500
4200
2900
3000
4700
6000
3100
4100
3900
3300
4000
5800
7800
7900
3400
3900
3800
4100
4500
7100
3800
6000
4800
5500
3900
6100
8900
4000
6000
3800
3900
4200
6300
6400
3900
6500
3400
3100
3100
3500
6500
4500
5400
2800
5400
3100
4300
3100
3500
2500
4400
5900
5100
5900
2900
8900
6200
4200
6200
5100
7300
6900
6300
5300
5200
5000
3300
7400
4200
4700
4100
7900
5600
6000
5200
5100
6400
6800
5600
6100
4700
4000
2800
1700
3800
1800
3400
5400
9200
4100
7800
4000
6700
7900
5400
3000
3400
5600
3200
5200
5500
7800
5800
5200
4500
4600
3300
2800
5500
3300
5600
3600
1700
4100
3100
3500
7800
5900
7000
5300
3000
5800
4000
3800
6000
3200
7500
4700
6500
3600
4400
4600
4900
4300
7400
4500
4800
2900
4400
5100
3300
3500
3400
5600
2000
2600
5000
5000
3600
3700
4400
5100
6500
4600
7400
4600
6400
4400
9900
10000
6600
4800
5000
5500
4600
4400
3200
6300
7300
3500
15000
3700
1800
8000
3200
4000
4500
4600
5000
6000
3700
8900
4100
4100
5100
3800
4300
5800
3500
5700
6700
4800
6800
4700
6200
6100
4200
6000
3600
5400
6800
4200
5200
7900
3300
5700
4600
6300
5000
4700
7300
7700
3100
5200
2400
5900
3500
3400
5900
9100
4100
7200
5500
6200
4600
7100
4700
5100
4500
4400
4400
3000
6800
4400
2600
7100
7700
8400
2800
2200
3200
3100
6500
6300
3500
6000
2900
8800
5100
3500
6500
6000
4800
6800
3400
3900
4500
3600
4500
2900
4700
3600
8200
5700
3000
5300
3900
5800
6800
4700
5100
3300
4700
6200
3500
4200
4400
5700
2500
3000
4400
5700
4100
6000
3400
3000
7700
5600
3900
3400
5500
8400
4800
4400
5700
7300
3200
5800
5500
3300
4700
4200
3600
5400
6100
3000
5000
4200
3000
4100
5500
5400
5000
4600
3400
4400
6600
3900
7900
3800
3400
5400
5300
4700
4300
5600
4100
5300
6500
3600
6400
6100
5500
2900
4400
3800
4100
6600
4900
7800
3600
3600
3400
4100
3700
4300
4000
6100
3600
2100
5800
4600
5400
4200
7100
3100
1900
4900
6300
4700
4400
3500
5000
4900
4900
3800
2100
3500
5000
5600
4600
6600
2500
5100
4600
4300
3300
8600
4000
5700
3400
5300
3500
4500
4000
11100
3000
4100
3700
8000
4800
6100
4800
3300
3800
4000
6500
7800
5200
3700
5100
7400
3700
5100
3300
3600
5100
3800
6900
3300
4900
6000
3100
7700
4100
4700
4000
4800
4600
7000
4700
3800
3300
3500
4700
3500
5400
2900
2700
5300
7500
7500
5500
5400
5800
6400
5800
7000
4300
6600
4200
3800
6300
7700
5700
6000
6800
4800
4600
4100
3600
3900
4800
7000
4100
4400
5800
2800
3200
7400
5400
6600
4400
7100
4500
6300
6100
3700
13900
4200
4200
4500
6500
3700
3300
5700
4500
5300
4900
7800
2200
5100
5700
3400
6000
3300
4400
2800
1600
6300
2200
6400
5300
4100
3500
4600
3700
4200
3400
5200
4300
3500
5700
4000
4200
4500
6100
3600
5600
2900
6100
5100
3800
6100
4200
3700
5300
3800
4100
5400
5600
4700
5500
3000
4000
3200
2900
6000
6400
5800
8000
5500
5500
3200
10400
4600
5000
3000
4800
5700
5200
2900
2100
5200
5900
5400
3900
4700
4300
4000
6500
3900
5400
5000
5000
8500
4600
3200
4100
7200
4200
5500
7300
7200
2900
7500
5100
2600
3300
4000
4300
4900
2700
3800
5600
3000
5100
3700
5900
3500
3300
3100
4200
3800
4000
7000
6300
5400
5600
3700
5400
7600
3500
8100
5200
3600
5200
4600
5900
5300
7000
8300
4400
4600
6600
5500
5700
5700
7700
2100
2000
2100
3400
3800
4300
5000
4700
5700
5400
3900
4200
4100
6200
7600
1900
4300
3700
3900
5000
5700
3900
3800
4500
5300
3900
3700
3900
4500
6700
3200
3700
6900
5400
4600
4300
5500
4800
4800
3800
3800
4700
4800
4200
5400
4700
5000
5000
5500
5900
4800
5100
5200
5200
5000
4700
7900
6000
4900
7300
5200
8000
2700
5500
5300
1600
3800
7100
5500
5000
5100
4300
4000
4700
2300
5000
5500
4800
3600
4400
4200
4000
4700
6400
5200
4800
5700
4600
7200
4400
3700
3600
5000
2900
6000
5500
5200
2300
2500
6000
2000
5000
5900
4300
5100
6800
3700
3500
4400
5300
4700
3700
3600
5800
5600
4300
5700
6900
20100
6000
4200
4500
3600
2800
5400
4600
1600
2800
1700
4300
5700
4900
7500
6900
4400
4200
5100
5400
7900
4000
2100
7800
6300
5000
5400
5200
8700
4400
5900
4600
7700
7100
24600
3800
5900
3500
5700
5800
5200
5500
3000
4700
7100
5200
4800
3900
7900
4000
6000
3600
7700
8100
4000
3300
6700
6200
5300
4100
6700
3900
3900
5100
5500
4100
6200
5900
4300
4400
3800
6200
4300
2400
5800
3700
5400
5000
9200
3300
5000
3600
3400
8600
3300
5300
3800
4300
2100
6200
5300
5400
8100
4200
5500
6500
5100
5200
5800
5600
3800
2500
4500
4500
3700
4500
5400
5400
7500
5300
2800
3700
3100
5100
6900
6100
2800
5300
3500
2500
3600
4500
6800
4800
5100
3100
3300
4400
5400
4300
6200
3600
4600
4000
3600
5300
3100
3200
5600
3900
3600
5100
7200
4200
3400
4600
6100
5600
6700
5300
3700
3400
6100
7000
4300
7300
4900
16100
4600
9000
5600
5600
5500
5700
6000
2400
5000
2700
3200
2700
5000
3700
4300
3300
3900
4000
5000
3000
3000
5200
7400
3300
2200
5200
4000
6000
5100
7100
4300
2900
4800
6600
5300
3700
1700
2600
4400
5200
3800
4400
4200
5500
5000
4800
6500
5300
3600
4200
6800
4300
4400
2500
7200
3700
4600
4100
7000
5600
5300
4200
5300
4800
3900
3400
2900
4900
4600
4100
6700
3600
4700
4400
4600
5300
8900
5700
2800
3600
6700
5800
3700
7200
6400
3600
6300
4400
2300
3700
6000
4100
5900
7900
4100
4000
5400
5700
5500
4700
5800
5200
4200
3000
2000
4900
4100
5600
5700
4600
6200
4100
3800
5900
3500
3100
4300
3300
7900
3700
6700
5600
3500
2200
3600
3000
4300
4700
3400
6000
2400
5400
5900
4200
6200
5800
4300
6100
5300
4800
5900
6600
6200
3600
5200
4400
6000
3300
3900
5800
4100
3800
3600
4400
3500
3600
4300
4800
2800
4700
4900
6500
7300
3600
5400
4500
5600
1600
5600
19500
4400
6600
6400
4600
6500
3100
5000
3500
5000
4600
4400
2100
3700
3700
9600
3800
5500
3600
6700
4600
7100
5300
6300
3600
2900
8200
4100
4200
4400
5700
6000
8500
6700
4700
5300
6400
3700
5900
7900
3700
4800
6000
3300
3900
7200
7000
6600
4200
3100
4700
4300
7400
6300
6700
2300
3000
4200
2500
2700
3500
4500
7600
4000
6800
5700
5800
3800
9000
6700
8000
7100
6200
6900
4900
4400
6100
6600
4700
4400
5500
7700
3100
6400
4000
4900
2400
3400
6900
6000
5700
4400
4200
8400
6000
7600
5000
8500
3700
5000
5000
5300
4300
5000
9000
6800
3600
6100
4100
5000
5300
6700
5300
5800
6300
5900
5200
5000
15900
7000
6100
9700
6800
5600
7100
7700
4600
17700
4500
5400
4000
7000
5900
4200
4700
4600
3700
3300
4500
5800
4100
7800
4200
4000
3300
3500
4100
4800
3900
6200
3600
3400
4600
6300
3600
3900
5200
4200
4100
4200
5600
4300
3100
4700
1300
2400
3200
5200
6100
6800
3300
5000
3800
5800
2500
6000
5200
3600
6400
5300
4500
2200
6100
3500
3600
4900
3500
4500
4600
3700
4900
3800
5600
3500
5700
6000
6600
5400
6500
5100
9300
4200
6500
4000
7600
3100
4000
7300
5900
2500
4500
6000
5900
7000
4700
4000
7500
6400
5200
5300
5400
4300
6100
5300
5100
3800
6700
3600
5800
6600
5800
5300
6200
4500
3000
2500
7100
4000
3600
8800
4600
1900
4300
6100
4900
7700
5400
6100
7600
3400
3900
3100
2900
6800
4200
4900
8300
5700
5400
2200
5300
4500
4900
4600
2700
1500
7600
4400
4600
8400
6600
6000
6800
5500
5600
5100
5100
4300
3600
6100
5600
5000
8200
7300
6300
6800
5700
4500
4900
3900
4800
6300
6600
5800
4100
6200
5100
5300
5200
2900
6900
6900
4200
6100
8000
5900
2700
6700
5400
7500
7100
4300
6000
7500
3800
4800
3500
4600
7300
5100
3900
4200
2200
4500
9500
5800
8700
5800
7000
4900
5700
5400
6700
5800
5300
8500
8000
4900
7400
7600
6800
4200
4900
4000
6400
3700
4300
4900
6000
4300
7400
8500
4400
5300
4700
4900
3100
4400
3000
5200
3000
3800
6900
5200
7000
5800
8200
6800
6100
4000
4700
3400
5000
5100
5100
5000
5300
5800
3000
4000
4200
9000
4100
10300
8000
3600
6700
4000
5800
4100
6600
3600
5200
3000
6600
4600
5300
9300
5600
6300
5100
7300
6100
6700
7200
4600
12000
4800
9200
5700
7800
6600
5500
5100
5200
4200
3000
7100
4400
4000
7400
5700
5100
4100
9400
4900
4600
5200
5100
4900
4700
5400
6400
5800
4600
6200
3000
4100
8100
5000
4900
5800
5900
4900
3300
6300
4700
6800
6100
5600
5500
8900
9100
2100
3100
5700
4800
5100
6200
4800
4100
6200
4100
3900
4600
5000
8500
5900
2600
4000
3200
3100
4700
5500
5100
4700
4900
8100
3700
1800
4700
8200
4700
3700
2900
4800
2700
3900
5400
5200
5200
4500
4100
7200
3100
2200
5400
4100
4400
6100
2900
5100
3800
4200
3500
2500
1700
2200
4900
2600
3500
2900
3500
3400
5200
5600
6100
6000
5800
2800
4700
4300
5900
7500
8900
2400
3600
4500
6000
7200
7700
2800
3400
4400
6200
4300
5000
2600
8300
5400
5700
5700
4000
3500
3900
4200
4700
5900
4100
3800
3200
5800
5800
3200
5000
4400
3600
8000
2100
4000
3100
2200
4900
3500
3300
2500
3000
6300
3900
4100
3900
4700
2700
7200
7400
6200
6500
4700
7100
4300
4100
4100
3200
4000
4800
3700
5100
6100
5000
3700
4600
3600
8100
3300
3700
3900
3600
7900
6200
4500
3200
6800
3300
5500
4300
5800
7500
3300
3600
5200
4700
3900
5400
7500
6400
4700
6300
3100
4900
4700
5200
5000
3100
6100
8100
3800
6000
4100
5300
5000
2500
7200
6600
6100
5200
5200
7900
5500
5200
7200
4400
6100
3900
6000
7900
5500
4400
5800
5800
5900
4700
4400
5200
5500
4600
5000
5500
5800
3600
5600
7700
5700
7000
2700
6400
1700
4000
1800
7000
4700
7300
3700
3300
2900
5900
3600
6700
5100
8200
3300
4600
5100
3200
6400
5500
6400
5800
3300
2700
3800
14300
3700
2600
6700
4700
4200
6000
7600
8400
7000
7700
5500
3800
5100
5400
3800
4600
6400
4700
5200
4800
5900
4800
6100
3100
4800
4000
8200
6600
6900
7600
7300
7900
6000
4800
5500
5600
4600
6200
6200
3300
6300
7300
7300
3600
4900
5700
3500
5200
6700
5900
4200
5900
2800
4600
5200
2600
6100
4300
4900
3700
5800
4600
6200
5400
6500
6800
5000
4000
8400
4600
5900
6800
6100
3400
4000
2100
3000
3700
5600
3600
6200
5400
6600
4100
3700
6600
5300
4500
4400
4900
4200
19100
7000
7800
5200
4600
4300
8000
4700
4900
3500
5200
3000
2200
4400
3500
4800
6600
6700
6000
2500
5900
3800
4100
4900
10900
5800
4600
5800
2500
4900
6100
3700
4400
5900
4300
5400
8600
5900
4400
6400
3300
5400
5500
4800
7300
7200
5400
4000
7400
5300
7600
6100
6700
2900
3700
2800
7600
9900
3600
6500
3700
19400
6100
7000
4600
5200
4400
7800
3500
6100
3200
7300
2800
3900
4600
2900
4500
4700
3700
6900
1500
9500
4100
7000
5300
2400
4800
7100
4600
5400
4200
4900
6100
5400
5500
7300
4200
4900
4200
4300
3500
6900
6100
6500
6200
6400
4400
4600
2700
5400
4600
4800
7500
6500
5500
3200
4900
6700
5700
2900
2300
5600
3800
13900
4000
5700
5800
4800
15600
3300
3500
3300
4700
7500
5800
4700
5300
2300
3700
5700
6200
7800
3100
10800
5600
5200
4800
6500
6900
7300
4900
6400
5600
6300
5600
6400
7400
5700
4800
4300
6000
8200
4900
4400
2200
5100
4300
2300
1600
6900
10300
6500
2500
2700
2900
3300
2500
5900
5800
5000
2200
5700
3800
4800
5300
4000
3600
1300
6300
11200
7000
2200
3100
3500
4100
3700
3000
3400
5100
3600
5100
2700
4200
3700
3300
4300
6500
3100
2900
4800
3000
3400
2600
3200
4700
4300
2500
3900
6000
5800
2100
3000
2400
4300
3500
2800
3600
4000
5300
6200
5700
3300
4500
6000
2500
2300
2100
4500
3200
7200
4400
5600
4600
6100
2800
5000
3800
4800
2000
3900
2800
2300
3300
2200
10900
5300
2900
3800
1500
4200
3600
8400
4000
2400
2300
2600
7100
6400
6700
5000
7100
4600
6500
4900
2200
4300
4500
5600
3500
2000
5500
4500
14500
3500
2300
6700
7000
3700
3500
2400
5500
1000
6500
7500
3300
4300
5800
6500
7500
8200
3400
9700
5200
7100
4800
4400
5100
7100
3800
7500
5100
3300
3300
6700
5200
3500
5400
3900
2800
4300
6300
4700
5800
3100
3700
5500
2800
3400
3400
6100
5100
3900
5300
3800
7500
4600
3400
6000
5600
6900
3400
6000
7000
7700
5600
4000
7400
7100
4000
6100
2900
7400
6000
5500
11600
5100
5000
5200
3500
5800
6500
4000
4600
5000
5200
5600
5700
5200
6000
7000
7400
7100
9200
7300
4900
5300
8100
8500
4500
4800
3900
4400
2900
5900
7300
4400
3000
4200
2900
3300
4500
9500
4000
5900
4500
3600
5300
6000
3700
6500
6700
4200
6100
4800
7100
3200
6000
3800
5800
7400
9300
7200
5000
8300
3800
3600
2500
5700
4100
6000
8900
5100
3800
4300
2300
2700
2400
4300
2700
3500
5400
7000
7900
3800
7200
5500
7400
8400
6100
4700
8800
6000
4700
3800
7500
5300
4500
2000
2500
6200
5200
3400
4700
5700
5500
2800
6000
5300
10600
5700
16200
12500
7100
3500
3700
4800
1600
5000
3200
6500
2900
3600
3000
5000
3300
6400
5500
4400
5000
3300
3400
4400
3200
8500
5700
6900
5700
9400
8400
5100
30400
4800
4800
2700
7500
5500
7600
6100
6700
9900
6200
5000
4600
6000
3400
10000
11500
3200
11400
6600
6400
4700
9800
3100
5400
3700
3400
5200
6300
3300
2100
3900
7200
4700
4500
5600
9200
3500
11800
5900
13600
4800
3100
5000
7400
3300
3700
4900
6100
7300
5000
2100
2300
3900
5100
2800
8600
2500
3200
2700
13400
4600
2200
5200
4800
4600
3000
3900
3500
3000
3800
3700
6200
5300
3900
6400
8600
3000
3100
15000
3900
2900
9200
7300
3500
4100
7300
4500
4700
5200
3400
3700
6600
6400
4000
3800
2300
4000
4800
5200
6400
4200
4100
3800
5500
4500
5100
4100
3800
4300
6400
5800
4000
7200
6400
3800
4700
6000
5200
8100
6800
10900
10900
6700
8800
3700
5500
7000
6100
3800
5900
3100
3900
5300
5700
2700
5200
3700
4600
6100
3000
2500
3000
4400
2700
7500
3500
5600
3300
5000
3900
4600
5000
5000
2800
5800
3400
2500
3100
6100
5000
3100
3700
5900
3100
3300
4300
4900
2700
4000
4800
4300
4100
2000
4400
2900
2000
4500
4900
1700
5600
5500
4600
6800
4800
6400
6400
4500
4800
9000
3700
3600
3300
4200
4400
3000
4100
2800
3000
3200
3100
1900
2200
3100
3700
3600
4100
3100
4300
3000
4500
2800
2200
4000
3300
5300
4000
4400
4100
3700
1500
3400
3800
4200
2900
2600
3800
4200
3500
4500
4700
5800
2700
4300
3400
1700
4200
3300
5100
4100
3800
3400
3300
6300
4200
1900
4100
3700
4700
3700
2100
3900
3700
2000
2900
2900
3500
5600
4200
7100
2400
2000
2800
2200
2700
3300
18500
2800
2400
3500
2400
3700
4800
20000
3100
6400
3300
2800
3000
3300
1400
3900
3200
3700
3300
1400
1700
1900
2800
4300
3100
3100
2600
1900
2900
3300
1600
1300
2000
2100
1900
2400
1600
2200
3900
3000
1700
1800
1400
2100
1900
2100
1700
1800
1400
3200
1900
3400
1400
1900
2400
3600
3100
2700
2100
3400
2700
2600
3900
2500
2000
2200
4400
3100
3300
2300
2100
2500
3500
2500
3400
3700
3600
4400
2700
3400
2900
2400
4800
5100
3000
4000
4700
4100
4100
4200
4300
8000
3300
4500
4000
5200
3300
4000
3400
3400
4900
2800
2200
3300
4200
6100
3500
2100
5200
3500
4400
4000
3400
3000
3300
2700
2800
5100
2800
2600
9800
4300
2800
3700
4100
3600
4900
3100
4800
3800
2600
4000
2800
3200
4500
5000
2600
4100
3900
4700
4600
3200
5500
3700
2300
4900
3400
2500
3800
2900
3900
3300
4000
5500
3300
2100
4100
4200
3600
2300
3200
3300
3700
3800
5700
4000
3600
5100
6600
2800
4100
5500
3100
3300
3400
3300
4700
2200
2400
2500
2800
2700
2200
3200
1300
2800
2400
2900
2700
2700
2900
2800
4100
4200
4200
3800
2200
3700
2200
3000
2900
2100
1400
3600
1700
1600
4100
4600
3000
4400
2900
3800
3700
3200
3500
3400
3300
6300
5000
3500
3300
2600
3700
4800
5900
9500
3500
4000
3900
3500
2600
2800
2900
4700
4000
6400
5200
4100
3600
4100
3600
4000
3700
3400
2700
4400
3400
2600
3600
3600
3900
3200
5100
3200
4500
4500
3500
2200
2700
4600
3900
2300
3300
3600
2200
4500
4900
4200
3200
3400
3500
4700
4100
4600
2600
2900
4700
5200
3700
4800
5100
3400
3800
3900
2000
3400
3600
4200
3200
3600
1700
2300
2700
3200
17900
2800
12100
3000
3900
3500
3300
2300
3900
4400
2500
2900
3400
2300
2200
4200
3200
4000
3100
2100
2300
3000
2500
3000
3300
3600
2100
2600
2200
5300
5600
6800
5600
4900
3900
5300
4600
5200
4400
6500
9900
4000
4300
2900
4100
5500
5500
6800
3800
7200
6800
4200
5700
2300
2900
3000
2200
4400
3300
3600
3500
2600
2700
2400
2700
4000
2400
2400
2700
2300
4300
2900
1900
4400
4400
7800
4700
3500
5700
3600
4300
3300
4100
5500
2000
3400
3300
2500
2600
4200
4100
3500
2800
2300
2600
4200
2800
2100
3800
5500
4600
2900
1700
3200
5100
2000
4300
3800
4600
5400
2400
3800
3700
2500
2600
3300
3300
2400
2400
4400
2700
5100
2400
7200
4500
4900
4600
4400
2200
6500
3900
3400
5100
3800
3300
5000
3100
2800
1200
2900
2800
1900
2800
2200
3100
2300
2300
3000
2600
3200
3600
3200
5600
5200
6900
3800
2600
4000
2900
2600
4400
3600
4000
3500
3500
3500
4400
3300
5500
3200
2100
7300
3700
3500
5100
3900
3800
5100
4200
4900
4200
3100
4800
2800
3300
3500
19600
1700
2500
3100
2300
2600
2300
3600
7100
3800
4000
3700
3000
5400
3700
4100
7800
2000
4500
2700
5400
2800
4900
7800
3100
4600
4700
5400
3100
3100
3700
2600
3500
3100
3700
18200
2900
6800
2900
3900
3000
4300
4000
2200
4000
3600
3100
6200
3200
2600
5700
4100
6700
5600
2800
5100
9800
2000
2700
4400
3800
3800
4500
7100
3100
4400
4100
2200
3200
2400
4300
3500
2900
4400
4900
6600
3500
3300
7000
5800
3700
3600
4100
4200
3700
3300
3900
3000
2400
1700
4700
5000
5100
1600
19700
2400
4100
3400
3200
2500
2100
3700
1900
1800
2700
3200
3100
2300
4700
2700
1700
1900
5600
3200
5200
5500
2700
4300
5000
2700
2900
3800
2100
5000
5300
3900
4100
3100
3300
3300
2100
5300
3400
2800
4500
2300
3100
2200
3300
2600
4000
2900
3600
3400
3200
3300
2000
21100
2400
4200
2500
2900
2500
4400
4500
5600
4500
6100
4300
6100
4800
5100
2600
4000
4200
3700
4100
4400
2800
3600
2700
5700
4500
2600
2200
3700
3400
2200
2700
2600
3500
2500
2400
4800
4000
3100
4000
3800
3600
2200
3200
2000
2300
3000
3300
18800
4700
3800
3200
3500
4400
3900
3000
2500
2600
2200
4100
3900
3500
2800
3600
3700
3500
2900
2700
2900
3500
2800
1900
3400
2300
6400
2600
2500
4000
3600
3700
4500
4300
3600
2700
5000
2700
5700
2500
5400
2000
3400
3500
2600
2800
4100
2600
5000
5200
3300
5500
4400
4000
1500
4200
21400
22500
6500
4000
3200
6100
2300
4100
3800
3200
3900
2800
4700
5400
2900
2800
5000
1900
3600
5400
5200
4900
1000
2900
3200
4500
2200
2800
4100
4600
5300
3300
1700
5700
2600
