608500
21600
10500
7400
14200
8900
10300
11800
12800
10100
10000
8000
13600
24900
22200
8200
13400
6400
30800
11800
18200
16900
6600
8300
8100
7900
9700
9700
16000
11300
6300
27400
8500
7800
3400
4100
5100
24700
4700
15200
3900
12400
24200
3400
6400
6600
5900
7000
3300
5100
4700
9700
5400
5500
2800
11100
6300
6800
6900
5800
6400
6400
15200
5000
8000
9700
6700
9600
7600
5400
6000
2700
3000
32800
6200
3300
5300
8400
5600
6700
4500
7400
6800
6100
3700
4200
15500
5600
2900
3100
4500
13900
6300
2900
2800
3800
2700
6600
5100
11500
3800
3600
5300
6400
25000
3800
5600
4500
3200
3500
9200
4800
9700
2900
3600
12700
5200
11200
6000
4500
6100
15200
10600
5700
3200
6500
21200
10400
5800
5200
6300
5000
4600
4700
7700
5700
3100
26500
4900
7600
7300
39100
6400
7800
3300
10400
5000
7500
4500
3100
6000
6500
4900
3300
2500
3900
5100
2800
3800
5800
3100
12600
6000
4700
6600
3400
2800
3600
2900
15500
10800
11200
4500
3200
2900
4200
21200
2600
5700
5000
3200
2400
6200
3100
3200
6400
2900
4200
2700
3100
3300
4400
4500
3200
4000
4000
2900
4600
5000
3300
4700
2100
4400
2400
3200
4800
2900
5300
4200
4000
6800
4800
2300
2600
1500
5200
2800
6800
4400
4000
6100
4000
3400
6400
2700
3700
1800
2000
3100
6000
3400
2700
2200
4000
2200
6700
5200
4100
6700
4800
5100
5200
3400
3000
3300
3200
2900
6100
4500
6900
4300
3800
2700
6900
19300
14700
1200
1700
1700
2100
4200
7300
2500
2800
1200
2000
1700
2000
1300
1300
2200
2000
2200
3000
3400
2400
20900
3000
30000
3100
2100
3000
2500
4500
2300
1700
2100
1800
2300
1900
2800
1300
2400
2000
2900
4700
2400
4600
2000
2000
5300
2300
4200
1900
2300
3100
3500
1400
2200
3400
2300
2500
2600
1600
1900
3700
8600
6700
2100
3200
1600
1300
1900
4600
3900
2700
1800
2300
2700
2300
2000
2100
2600
1800
3800
2300
2500
5400
2100
3800
1900
3000
4000
1400
2700
2900
3500
2300
3300
2000
2000
3500
3200
2900
2500
2800
17000
4300
2100
1800
3000
28400
4500
4300
4700
3700
3200
3300
4200
1600
2700
1900
4400
2900
5400
3900
5600
6000
3100
3200
3700
2400
2100
3600
3300
1800
5600
3500
2600
4300
2600
1600
3100
2100
11300
1300
2800
2300
3000
1900
1300
1600
2100
2600
4100
4000
3200
1800
2500
4800
1900
4700
4900
3500
2600
3600
2500
4200
2500
4600
1700
2500
2100
4200
3800
1400
5500
1900
5800
7200
1800
1700
2600
2200
1300
2900
2600
4900
1100
2800
1800
1800
3400
2100
2700
2300
27500
2700
4300
2100
6700
4400
2000
2300
4600
2700
2600
2000
3100
1500
2500
2800
17300
1600
1900
2800
1800
1900
3900
2700
2000
27400
2000
3300
23800
15900
2600
3100
2600
3600
3500
3000
4400
2600
3400
2400
1500
4600
3500
2600
3600
2900
3000
3100
2100
2300
1700
3300
3200
4100
5300
1800
3400
3400
4000
16700
4200
4000
2200
3900
4400
3700
5400
5600
3600
2600
2300
3500
3000
3600
3100
2100
2000
3100
3500
2900
1900
4800
2300
2000
900
1400
7000
4400
2900
2300
2600
3100
1200
3300
4100
3200
2700
2500
2000
3100
3800
2100
4200
2600
1500
2700
3000
4200
4100
23900
2600
5300
4800
2900
3100
4700
3200
2400
2600
1800
5400
4200
2200
2100
4600
5300
6200
4200
1500
1100
16700
3400
2500
4400
3600
3900
2500
4300
2500
4000
1600
5100
4200
2900
1500
3700
2600
2300
19800
3900
5700
2700
2600
3900
3800
5400
4100
4600
4700
6900
3400
2300
2500
1900
2600
4700
4300
3000
3700
4400
4600
2000
2300
5100
2000
2200
4200
2700
3200
2500
4700
3900
3000
3700
6400
6000
4400
2100
4400
2300
5600
3000
3300
11600
2200
1700
2000
1700
3400
3100
4400
3200
2900
5700
2500
2900
3200
2700
3600
3600
2200
3700
2400
4200
4600
3000
4300
5400
3100
3200
4400
4500
3500
2900
2200
2500
2000
4100
2800
3000
2500
3500
4700
1700
2000
2800
3100
2800
1000
2900
2600
4400
5100
2700
2500
3900
3100
5100
3600
2700
2100
3200
17200
3200
2800
3600
4300
4400
2200
1600
3100
3200
3700
3400
3600
4900
6200
6200
5500
2500
2900
3800
3800
5600
1600
3800
4200
1900
2900
1800
2900
6400
4100
4500
4100
17000
4800
2700
1400
2200
2400
4900
2700
4000
2900
5000
2500
3300
2500
4100
4000
3400
3900
3700
3300
4200
3000
3600
3300
1400
2100
1400
1200
2100
1800
2300
1100
2200
3000
3000
1600
4000
3500
2500
1800
2600
900
900
2100
2200
1400
2000
2500
1800
1800
2300
2900
2200
1800
1300
3000
2300
2300
2500
1700
2600
1900
1300
1300
1700
1400
2500
1700
2400
1800
1100
1800
1800
1500
1500
2600
2300
21800
2100
2500
1700
1800
1700
1400
1900
1600
2000
1800
1600
1600
2200
1500
6400
1400
1900
1100
2600
2100
1500
3800
2500
1700
4100
1700
1400
1800
1900
2500
1800
2300
2200
3000
1800
2900
2200
2900
2100
3900
2900
1900
20300
2600
2000
2300
7100
1000
1400
3100
1700
2600
2100
3500
1900
2400
1400
2400
2700
3000
4400
3100
1600
900
1600
3400
1100
2700
5400
2400
1400
1800
2000
2400
1900
1600
1200
2500
1900
1300
1400
3100
2000
2300
3200
4000
1300
2200
2800
1300
2000
800
1300
1300
1500
1000
2000
1300
2200
2400
1500
1700
2600
2600
1000
800
1700
1700
1600
1500
1400
800
2800
1800
1800
1900
1900
2900
2400
2600
6300
2400
2300
2700
2600
3200
2300
3000
3400
4100
2500
4900
2800
2500
3500
3400
1900
2400
2800
1500
1900
1900
1100
2200
1000
1400
2200
2100
1900
2600
2200
2300
4200
3300
2300
2200
2900
2300
2400
2000
5100
1900
4100
2100
3700
4000
2700
2800
2800
2300
1600
4100
1200
2300
2400
1800
2800
1400
1800
1600
2300
4300
1900
1300
2500
2800
2600
2800
3500
4700
5400
2600
1900
2200
2600
4900
5500
3600
2300
1500
2500
3800
1400
2600
1400
2500
1500
4600
3400
2200
2300
2400
2300
2800
1300
1900
2200
1900
1500
1800
2500
1600
2700
2200
2000
2000
1300
1700
4100
2600
1500
2900
1700
2100
1600
2200
1200
1900
2200
3100
2700
2100
1800
2100
3000
1600
2900
2700
2100
1400
1500
2300
2300
1900
2600
1600
2100
1800
3400
2900
1400
900
1200
2400
2400
2500
2500
1700
1500
2000
2400
2300
1600
20900
2000
900
1600
2300
1700
2900
1200
2600
1500
1800
2600
3300
1100
1900
1200
1900
1200
2300
1500
3500
3300
2300
1200
3100
1500
3600
1400
2400
2200
1600
2900
2200
1200
1400
1900
2000
1300
1900
1500
2700
3200
1700
1200
1300
1500
2200
2100
1300
1800
1900
2000
3700
1700
2200
1000
1100
1500
900
1300
2400
1100
3800
2400
21800
2200
2000
1100
1900
2000
2300
1200
2700
3600
1700
2600
20900
2300
2400
2400
1400
1800
1300
1000
1100
2200
2700
1900
2700
1800
1700
2700
2600
4200
2500
2000
2400
2100
1300
1800
900
1600
1600
1000
1100
1000
1400
3200
1800
1600
2100
1600
2100
2100
2800
1700
2500
1100
2300
2300
1000
2900
1400
800
1800
1600
2900
1800
2900
1300
2000
1400
1600
1900
2500
2400
1400
2100
1700
2000
1600
3100
1600
2500
1700
1400
1200
3200
1900
1000
2000
2000
1600
1000
2400
2300
1600
1800
2200
1600
1900
1700
2200
1300
1500
1800
2700
2000
2200
3200
2000
1900
1400
1000
2500
2800
1500
2500
2900
1100
2200
2300
2100
900
1700
2100
2700
2300
2500
1700
3000
20700
1400
1700
1700
3900
1700
4700
2000
4100
1700
1800
3200
3100
3000
2300
2200
7300
1200
4500
1600
2100
4200
2400
3100
1300
1600
2500
2500
1900
2000
2700
2200
2300
2900
2100
2600
22900
2900
1900
2200
1700
1100
5500
1700
22100
2000
1900
2000
1100
2100
2500
1800
3000
2400
3000
1200
1800
1600
1100
1100
2500
1900
1100
1700
2100
2400
3500
2700
1000
2600
1300
1600
1800
1500
2300
1400
2600
1000
2000
2700
3800
2500
1700
19800
2300
1600
1800
3700
2300
1800
2400
1600
1400
1200
1200
1400
1800
1900
1800
1400
1300
1000
1800
3200
2000
1500
1400
1400
1600
2000
2100
2100
1500
1900
2200
21100
1500
20400
1800
2100
2700
1400
3000
2100
2600
1600
1900
1600
1900
2200
2200
1900
2000
2300
1400
2700
2300
2100
2500
1600
1700
1300
1600
2300
1700
3200
3500
2100
2200
5200
2500
2300
2000
1500
1800
2400
1100
1400
2300
1500
2000
1900
1600
2300
1900
3500
1100
1000
1600
1400
1600
2800
1000
2100
1200
2200
3000
3300
3000
3500
1600
1700
2500
1200
1600
1800
2000
1500
2200
1800
2200
1600
1900
1200
1300
2200
1800
1800
2300
4100
1600
2200
2700
1900
2300
2900
1300
2700
2200
3600
1200
3700
2200
2000
1600
3100
5500
2400
2500
3100
1800
21500
20400
2600
2100
2300
2300
2600
2200
1700
1800
3400
900
1300
2100
1800
1300
1600
3700
2200
1800
3400
2000
2800
2300
2300
2300
1000
1500
20000
3200
1800
1300
2900
1800
1400
3100
2400
3800
2500
2300
1500
2000
800
900
1100
2100
1500
2500
3000
1600
2100
2400
2700
3100
3900
2500
1800
1700
2400
1100
2500
2300
2800
2600
1600
2100
1800
1500
3000
2300
3500
2400
2200
1200
3400
1200
2600
2400
1000
2300
2500
1300
2800
2400
1200
2400
3000
2200
1500
1100
1400
3200
2400
3100
2900
3700
3100
21500
20800
2200
1500
2000
1500
1900
2800
1500
3000
1500
2300
3300
1300
3600
2400
1600
1500
1200
1000
2000
2100
1600
2200
1400
3600
2200
2100
1700
2300
1900
2500
3800
3200
1800
2600
2600
1800
1300
2800
2000
2000
4000
2100
1700
1500
2000
2000
3500
2200
2200
1700
1700
2100
1200
2100
2200
2900
2900
2000
2700
20900
2900
1800
2300
2400
3700
2400
2100
1900
2300
2100
1900
1300
2400
21100
2400
1600
2400
2200
3000
2100
1600
3200
1400
2000
2300
3000
800
2200
1300
1900
2600
1500
1800
1900
2100
2900
3400
1400
1500
1600
2100
2700
2400
1600
2400
1200
1800
2400
2200
2000
2500
2100
2100
1000
1700
1400
2400
2800
2400
2700
2200
3000
1700
1600
3400
2600
1200
2400
2900
1200
2200
4100
1400
1600
1800
2800
2600
2400
2500
1900
1100
2000
2500
2000
3200
1000
1700
2100
1400
2800
5600
2500
2500
2300
2800
1700
1100
2300
2900
2100
2100
1500
2200
1700
27400
2100
2800
3400
800
3900
1300
1600
1600
1900
3100
21200
1100
1300
2700
2300
3500
1700
3300
1500
1900
2900
2300
4800
2400
2600
2100
2500
2800
1600
1900
2400
3000
2100
2000
2500
2300
2400
2700
1800
3300
3100
2800
1900
1500
3600
2800
1700
1500
3000
2200
3500
2200
2600
3000
1500
1500
1100
3200
22600
4700
2000
1600
4200
2600
21300
1900
21900
1700
1500
2400
1800
2500
2200
2200
2700
2700
2300
2400
2900
4000
4000
2000
2300
2100
1900
2300
2100
2300
2800
1600
23000
2600
2500
2000
2500
2400
3400
2300
2700
2200
2000
2200
1500
2500
3100
4000
2300
3300
1900
1600
1200
3400
2600
1600
1800
4900
4200
3500
1700
4900
1900
2100
2300
2700
900
2300
3400
2400
2600
3300
2900
1800
2800
1300
1700
2100
2400
1700
2000
3300
2800
1200
2000
3000
2000
1700
1400
1800
1100
3400
2400
1800
1100
1600
1500
1700
3700
2700
1900
1400
3300
1100
1300
3900
3400
3300
2500
2600
1300
2600
1900
2400
3400
2900
2400
1400
1900
2700
2400
4700
1900
1400
1200
1700
3000
2000
3800
20500
1600
2200
24000
3800
2500
2300
2900
2600
1200
3300
2100
1900
2400
3300
5500
2100
2100
2100
2700
3300
2000
2500
1700
1900
2400
2300
1800
1500
2100
1300
2900
2000
3900
1400
3100
2600
2300
1300
4300
1700
2200
1800
2100
1700
2600
1900
1300
2100
2700
2400
2000
1700
2800
1800
2300
1900
2800
2300
2000
2800
2900
2600
1700
2000
3600
1400
2900
2400
21400
3900
3600
2500
23400
2100
1500
2400
4200
2900
1900
1700
2500
7200
3000
2200
1200
1800
1900
1800
3500
2800
1800
2700
3400
2300
1900
1800
2100
3100
4200
2900
2800
1500
2300
2200
2200
2000
3300
4500
2900
2000
3000
1600
2400
1500
2900
2300
2000
2100
4300
2000
1700
2000
2300
2600
2700
900
2200
2700
2500
2800
1300
3800
1800
1600
1600
3300
21500
2500
3200
2300
1600
2100
2700
1900
3900
1200
3700
3000
2300
1400
3100
2100
1900
1800
2500
3800
3700
1300
4100
2800
3000
1400
1400
2600
1800
1200
5000
3000
2700
2400
2100
3200
2000
3600
4400
4500
2600
2200
2400
3000
2500
1600
3100
3800
3000
3400
4000
2400
2500
1600
1500
2400
3400
2000
3700
3200
2200
1500
2600
1700
1300
2200
2100
2600
2700
2300
3100
1100
5300
1800
2500
3000
3900
3400
2100
2200
1600
2300
1500
1600
2300
2600
1800
2300
2100
1800
2200
2100
2000
1800
1600
1500
2200
1600
3100
3400
3900
2300
1300
2300
3300
1900
1600
2000
1800
1900
1900
2100
2600
1300
1500
2600
2400
1200
1400
1100
1800
2300
2100
2800
3000
2600
2700
5400
2200
4900
3900
1900
2800
2200
3500
2400
4100
21000
2200
2900
2200
4100
1800
2700
2300
1600
1900
1700
1300
2000
1400
2800
2500
3200
3100
1900
2000
4300
2600
1600
1900
2400
1900
2700
3900
1900
2200
1600
2200
2400
2600
1900
1000
2000
2900
1800
2200
4000
1800
2700
1300
4100
2400
4300
2400
2100
2300
2500
2000
1900
4100
1700
3200
1900
2100
2900
2300
3500
1700
2100
2900
2300
1100
1700
2300
1200
2100
1900
2000
1600
2100
2900
1600
2200
2900
1700
1500
2500
1600
2100
1900
3400
3400
3600
1700
2200
2900
3000
2700
2400
2700
1200
3000
1200
2100
2400
3800
1500
2400
4100
1400
2200
2900
3100
3900
3000
2700
2200
2900
3200
3100
1800
3000
2400
2500
2000
3200
2200
4800
1900
4000
1800
1700
2300
3500
3500
3100
2200
1400
3200
2000
2100
1700
4700
4500
1300
2600
1900
2100
1800
3300
3100
1600
2100
2500
3800
2400
4300
2800
1900
2100
2700
3000
1600
2300
1200
3400
1500
3800
2300
2700
2500
2900
4400
1600
2100
2400
2000
1300
2300
2600
1200
2000
1600
2900
2200
4200
4600
3300
1900
3300
2500
3200
1600
3500
3900
2700
3200
3700
1800
4800
1800
1700
3900
2500
1800
2800
2700
3400
1100
4100
2900
3200
2500
2700
1900
1100
2200
22200
1900
1800
3600
2200
2000
1700
2200
3600
1900
4300
2100
3900
3500
2800
2300
3400
1900
2600
1900
2100
2500
3000
2600
2200
3500
3600
2500
3600
2100
2900
2300
2700
2600
2400
600
3500
4200
2400
1400
2700
3400
2500
2900
3800
2100
1800
2700
4700
2900
800
1900
3400
3200
3800
2500
2700
3000
2100
2300
3100
3600
2800
2800
2500
1400
4000
2900
2200
1600
2500
2800
4700
1400
2400
3400
4500
3500
3100
2100
21200
1900
2900
2300
3100
2800
2700
2200
3000
2800
3600
4000
1800
3500
2500
1800
3800
3300
2300
2400
3300
2200
2100
3100
3000
2100
1300
1800
1400
2400
1700
2700
2000
1600
5000
2800
3100
2500
4100
1600
1600
2400
2600
4900
2200
1400
1300
4500
23100
3900
3100
4100
3400
2500
1900
2400
3600
2600
4500
1800
2300
3600
2200
1500
3300
1700
2900
3300
3500
2800
1800
4600
2400
1800
2700
2500
3300
2500
1800
2700
1400
2200
1500
2400
2800
4600
3700
2200
1600
2400
1700
2300
2000
3000
1800
1900
1900
1700
1700
3300
2600
3000
1700
1900
2500
5300
3900
3800
2000
3100
3300
3000
2500
2100
3100
2100
2800
2200
1700
3600
3300
1800
1400
3200
2600
4600
2200
1600
3100
2100
2700
2400
3200
3300
600
2000
3200
1500
2100
2100
2300
1800
2900
3700
4900
1700
2600
22800
3200
2900
5900
2200
3000
2400
4600
2600
2800
2000
3100
2000
5200
2700
3400
1800
2600
2600
2600
1800
2500
3700
2200
4500
2700
2200
1700
2700
3200
2000
1400
3500
3000
5800
2200
1900
2200
1700
1900
2200
2200
2300
2700
2300
3700
2800
1800
3000
3000
2000
1300
2400
1600
3800
2700
1000
17400
1800
1800
7100
1000
1700
2300
4000
1800
2500
2100
2700
2100
1800
2800
3000
1800
3100
2700
2700
3700
4300
3300
3100
5600
2500
3900
2400
1600
4000
1800
3600
1000
1500
20900
1700
3200
3700
2200
3400
2300
4100
1900
2300
22100
3800
2700
2800
1700
2900
1100
2800
1900
2100
20900
5500
2600
1300
3700
2900
2500
3500
3700
2400
2600
3000
1900
3100
1600
3000
2300
3200
3900
20900
1900
21400
2600
4600
2400
1900
2800
1700
3000
4200
1000
3400
4200
14100
3600
2000
2400
2000
1200
2000
3300
2800
1500
1800
900
1500
23000
2100
1800
3900
4100
2000
3000
3100
4100
2300
2100
1800
2200
2600
4400
1700
1700
3000
2900
3000
3100
1900
1900
2900
2200
4000
2900
2500
2900
1500
2700
2600
3200
4400
3000
2500
1500
3600
21700
3700
3700
3100
1100
1200
4300
3200
19700
2500
1700
3000
5900
2500
1600
22000
3400
4500
3000
4700
3100
3100
1500
3200
3000
3500
2600
2800
1600
3600
3000
2800
3800
2300
2500
2900
2100
7100
21800
1600
1600
1600
1400
1700
3600
1800
3100
2300
2000
2800
3600
2200
2400
3700
5300
3300
2500
2800
3200
1100
2800
3100
2700
5100
1800
2100
22300
1700
2800
3200
3700
2700
2900
2600
2700
1100
2900
2400
1800
3100
2400
2200
1900
2500
3000
2000
1900
1900
2300
3100
3000
3300
2800
6200
3400
2800
3200
2800
2300
3900
5100
3800
3600
3000
2200
3300
3700
2600
3400
3900
2500
2100
3800
6100
1700
1800
3700
2100
2400
2500
3100
2600
2800
3600
3000
2100
1900
1700
3200
1800
2200
3000
2000
2200
4000
2300
2600
2700
3800
2400
2900
3700
2300
1400
3100
3500
2600
2600
2900
2200
2000
1400
2900
2400
2600
2600
2400
2600
2600
3000
2500
2000
2500
1500
20300
1800
3200
3400
2500
4000
2900
5700
4300
4300
1900
2300
3000
3600
7900
3900
2600
2100
3000
3200
2900
2300
3500
2600
21500
1700
2400
3100
3300
1500
1800
2400
4000
1900
1300
1700
2900
3800
3400
2100
3400
1500
2900
3900
2400
3400
1800
3500
5400
4300
3400
1800
2600
2300
3800
2300
3200
2800
1900
3000
2500
2500
2100
3400
2200
2100
1200
2500
3000
2600
1900
3000
2400
2600
1800
2100
3400
900
2800
3600
3300
1700
2100
1800
1800
2100
2400
800
1800
2500
2400
1900
2800
1100
4000
2700
2400
2200
1800
2500
1300
3300
2700
2900
3300
2400
3400
2300
2200
2300
3000
2700
5600
3800
1700
1500
3200
3400
2500
1500
3700
1700
1900
2800
3000
1500
21000
3000
3700
2300
2700
2200
22500
1700
2500
2200
4800
2100
3400
2200
3000
1500
2000
2900
1800
2000
2600
21400
2300
1100
21900
3900
3200
2800
4100
3400
4300
1600
3000
3400
2800
2300
2300
3500
2800
4300
2900
3800
2300
1300
2700
2900
4500
4400
6600
2800
3100
3200
1800
3200
2700
3400
1500
4900
1900
2100
2000
1700
2400
3300
2300
3400
3300
2500
3200
2200
3500
2500
2300
4400
2000
2200
2500
4900
3800
2100
1700
1500
4900
3500
4200
2400
1800
3200
2200
4200
2400
2300
1700
2200
4000
3500
1800
3100
2300
3300
2500
3400
3200
2200
5000
2100
3100
3500
3400
3200
2100
1500
3500
1700
3400
4900
1700
3000
2500
3300
2000
2300
4400
1900
2800
1400
1800
3200
2500
2100
2500
1500
12600
2400
2500
2700
3800
1500
3100
4800
3100
2800
23800
2600
2200
2800
3000
4800
2600
1800
2400
2900
2800
3200
2700
3000
2000
3800
5500
3100
1800
2300
3000
3500
3600
3200
5000
2000
2800
1900
2400
2900
2900
2500
2000
3700
3600
2100
3300
2800
3100
4400
2500
2600
3100
6000
3600
2300
4300
1600
23100
1800
1500
2000
2300
3900
2500
2500
3100
4800
2500
2600
3300
3900
2200
3400
20200
2200
3700
1100
3200
2800
1400
3000
3100
2900
2600
2600
2700
2700
3200
2800
3600
2500
2700
2500
2700
2500
2600
2700
2300
3600
2000
3500
3200
1700
3000
5100
2200
3300
9000
2400
4000
3400
2300
2900
3500
2500
3200
2200
2300
1400
1600
3900
4000
2400
3200
3000
3300
4200
1900
1700
1500
4400
3500
1500
2900
2400
2300
1600
3000
1600
1600
3700
4100
4200
2200
2200
3900
800
1400
2900
2400
1700
2800
3000
2300
2300
2400
3100
2700
4100
3700
2600
2400
18300
1700
2600
4800
2300
1300
1900
1900
1500
3200
2100
1700
2000
3500
1800
1600
2400
22400
2700
3400
3500
1800
4100
3500
2000
3300
2600
2200
1400
2800
2600
3800
2100
1400
3300
2300
2000
2500
20500
3400
2400
1700
1900
2300
1900
2500
3500
22000
2800
2000
2300
4400
2500
2600
2400
2200
2800
2900
2200
1500
3300
1600
3400
1700
2000
3600
900
4300
1500
2700
3200
4700
4400
5500
2400
2500
2900
2400
3600
2700
1500
2500
4700
4500
4100
2000
2800
3300
4800
2400
2600
3700
2700
2700
4400
2700
2300
3400
5000
3800
3100
3200
1900
3300
2200
2400
2200
4200
2900
3300
2600
1900
2800
2900
2900
3000
2200
4400
2800
1400
3300
2700
2100
2900
3500
2000
2300
3100
3900
2700
2800
3400
4700
20900
2200
2100
3000
2100
2100
3300
2200
4600
3500
1200
2400
3500
2700
2000
3300
3400
1900
2400
3300
2500
4200
3000
2600
3300
2600
4200
2000
4600
2900
2800
900
2800
3300
2200
2200
3400
2700
3400
1600
2500
2600
2800
2100
2400
1700
3600
2800
2600
3400
3300
2700
4400
4500
24800
2700
2600
2800
2900
2600
1700
3100
2600
2700
2600
4000
2800
2100
2700
1700
3700
2700
1600
2400
3000
3000
3100
4700
3500
1500
3500
2500
3600
3400
3800
1800
1600
4100
2400
1000
2100
1800
2600
1300
1800
2700
3300
2100
2700
2400
2500
2700
3200
2200
4000
3200
900
2300
3900
2200
1800
1600
1700
3200
3800
1400
3700
1500
2700
2300
3400
3100
3400
4500
1600
2000
3100
2000
1600
2800
3700
3800
1900
3300
3000
2900
2300
1600
4000
1900
3700
3500
2500
3700
2700
2600
5800
2500
2200
3800
1100
2300
2900
3400
2900
2000
1400
2000
1600
2300
3100
2500
2200
2100
3000
1900
3200
2700
1700
3200
2400
5000
4500
3300
2300
1600
3200
4100
3200
1200
1700
4500
3500
1900
3300
2900
3200
3000
4000
2000
2500
2800
3100
2800
3800
3800
2900
3200
2300
1400
1900
2400
2100
3200
4200
22600
2600
2600
1400
1800
3700
4200
3100
4300
3300
4900
1800
2000
2000
2400
2900
2100
3600
3400
4400
1800
5000
2600
3200
4600
3400
2800
3000
2800
1500
4200
5000
2500
2300
2800
3100
2100
2300
4900
2500
3400
3400
4400
2300
3800
2800
1500
3900
4900
3900
2300
900
21700
2500
5700
3300
2000
2900
29900
2900
2300
2700
2700
2100
2200
3400
28500
3000
2300
4400
2900
3400
3800
2600
2200
2800
2200
4300
2400
2500
3500
2700
3600
2900
2800
3200
3100
2000
5300
5100
2600
2600
3500
4400
2700
3200
2500
2600
2600
2400
2000
3900
2400
3000
2500
3100
2200
3100
1900
3700
3000
2500
2700
5400
2900
3500
2400
3200
2600
2700
3000
1900
2100
2400
24500
2100
2900
1700
3000
2600
2200
2900
2300
2700
3300
2900
3500
3700
2800
4000
3900
3800
2500
1700
2100
2500
1300
3200
2100
2800
2100
1700
2400
3300
2100
5000
3900
2500
2500
1900
2400
3100
3400
3600
2400
4000
2900
3400
2400
3500
4100
1800
3000
2300
2600
2600
3800
4200
2400
3000
1800
2400
1400
1600
4000
4100
2800
4000
3000
3200
1700
2600
16300
1500
1700
1400
2400
4200
3200
3400
1500
4900
3500
2200
3700
4000
4500
4200
3500
2800
3400
2900
2100
4500
2700
3000
2900
4400
4500
3200
3500
2200
4700
3700
3000
3800
2500
3100
1500
1200
2700
1200
2100
2900
6000
2200
4000
4900
2300
4200
4900
2900
1500
7800
4200
2700
3100
2800
5400
3300
3100
2900
2600
1800
1800
3800
1900
2900
1800
3600
2000
3200
3300
4000
2800
4200
3300
4200
2700
2000
4500
23600
2000
3900
1800
4400
2800
4700
2800
2800
2400
2800
2500
4700
3600
2500
2000
2900
2700
3000
2800
1500
2200
1400
3400
3500
1600
1500
2400
3300
2100
1700
2800
2600
4500
3300
4100
2800
3400
2800
5600
5600
4500
2900
2600
2900
3300
2800
2500
3100
4100
2100
3100
2300
700
4400
1900
2900
2400
2900
3000
7300
2900
1500
2400
2300
3200
3300
3000
17000
2200
2800
3500
2100
3400
4100
2700
3000
3200
5300
7500
3800
2200
3300
2300
4100
4700
2700
2200
3300
4000
2200
3500
1300
3600
3100
2200
4600
4500
1900
3800
1000
3500
2100
2200
3600
4700
2700
5100
3900
4000
2500
4100
3100
2700
2700
2400
2700
2800
3200
2800
1900
4200
3300
5200
3200
2200
1900
3700
1500
6200
3500
2100
3300
1300
3900
3100
2100
4200
2000
3700
3300
5400
2300
2000
3000
1800
2700
1700
2900
2800
4200
3000
1500
3400
2600
3600
4700
2700
3600
3300
2000
2100
3300
2600
2900
1400
3000
3300
2200
1100
2000
2200
4000
2700
3200
2500
1600
4600
3000
2500
1600
3100
4400
2700
2900
4100
25400
1600
3700
3700
3100
2700
2800
2500
3900
4200
2100
2600
2600
1600
2200
2400
3000
3800
2900
1600
2700
4100
3400
1900
6900
3000
2100
3100
2800
3700
2400
3400
2700
2800
3800
2300
3300
60300
4100
3700
2100
2400
2800
1800
2700
4800
2700
4700
2600
2100
2100
15800
2100
2700
2000
3600
2500
1600
2400
3200
3900
3600
3100
5200
2200
1400
800
2800
4600
2800
2600
3200
2500
2900
4100
3300
2100
2500
2800
3800
2700
1900
2900
2200
3600
2900
3000
2100
5800
2200
2200
2100
4400
1900
1900
2200
2300
6800
2400
2700
2000
4000
3400
3700
2600
1700
2000
2400
3700
4800
3800
3200
3500
4700
1900
3300
3300
2100
1700
3300
2200
4400
2200
3000
4600
1600
2500
4400
3200
2600
1900
16500
2700
3800
4100
3000
1500
1600
3200
1800
4100
2600
3600
5300
2300
3400
4900
4900
5000
4100
4000
4800
3400
3300
2100
3900
2700
2400
4300
3400
3900
4300
3300
3400
4200
3000
2500
2500
2700
2700
3700
2800
3800
3500
2100
3000
4300
3000
3500
3000
24600
3000
4100
3200
2200
4600
3000
2100
3000
3300
1800
20400
3500
16700
3600
2900
4100
2700
3600
1800
2600
3400
2200
3800
1700
3600
2000
2300
6800
1700
3900
3100
3700
1900
4600
2000
2400
2000
3200
2500
2500
4300
2700
2300
2700
4700
2400
2700
1400
3300
2900
2300
4000
3300
2200
3100
3800
3100
2400
2900
3000
3200
1600
2600
16500
1800
3400
3800
3600
4300
24900
4000
3300
2100
6700
2200
2900
2000
3300
3100
2600
2400
1000
3500
3500
3000
2600
4800
2800
2700
3500
2500
3100
2800
3700
5400
3000
2300
2300
4000
1600
3000
3700
4800
4000
1700
3800
3300
3400
2400
2100
2600
2700
2800
1900
2500
3700
3200
5400
2600
1900
3800
3000
2100
2100
2300
1900
2500
1700
2300
4400
4400
3100
3800
2100
3400
5600
3100
2600
2700
2500
4000
3100
2600
3400
2400
3600
5200
5700
3400
3200
4300
4000
3000
2400
6000
2600
2300
1800
2500
1100
2800
2100
3000
3000
2500
3900
3300
2700
4100
1600
4600
4400
1100
3000
2600
2100
3000
2900
2300
2000
3000
3600
2700
2200
3400
3000
4100
1700
2400
3900
2500
2600
2300
3100
3100
3200
2700
2600
2700
4100
2400
3300
4000
1600
3300
3100
2500
4100
3200
2800
3200
3400
3300
4800
3100
4500
3900
3200
3900
3600
4600
1600
4100
3300
1400
700
2100
4400
2900
3000
3500
3200
2500
3400
2200
3300
4400
2800
2200
2700
3100
2600
2400
3900
3100
7000
3400
3400
3200
3100
3500
3500
2000
2900
2100
2100
5500
3000
3300
1400
1300
3400
1200
3800
3400
3300
2500
2500
3900
2500
2600
3000
3200
2600
2000
17300
17100
1200
2300
3300
4200
3200
4100
2800
2600
2500
1700
1600
2600
2500
1300
2900
1600
3300
3400
2400
5400
3800
3500
3800
1200
2700
24400
3100
5300
1800
1400
900
4300
2900
4000
3000
5200
4100
3500
3800
4000
5800
4100
2000
2900
2200
3200
3300
3700
4200
1400
2900
4500
3500
3600
2200
4300
3000
3300
2300
4700
5400
2400
2200
4700
4400
2900
2000
4000
1600
2600
3200
3000
2600
4000
3800
2500
2700
2700
3500
2600
2300
3900
3100
3200
1500
3500
1800
2200
3300
2400
1900
5800
1300
24500
3000
2500
1200
3400
3300
2100
5400
2200
3100
3600
3400
3000
4800
4400
1700
1400
2800
3400
2100
2900
3800
3100
5100
5100
2400
2300
2000
2800
3300
4000
2300
3300
1900
2000
1200
2400
4300
4900
21800
3700
1800
2000
2300
2800
5000
3100
24500
2800
2500
2700
2600
1600
2800
1300
2400
3400
4800
3600
3400
3000
4100
2700
1700
2800
2800
3600
4300
2900
1900
3500
3600
2400
4100
3600
4100
3600
5100
3500
3900
2700
4400
3000
2900
2900
4100
3900
1300
2400
1800
1400
2500
2200
1200
3300
2200
2400
2300
2600
2500
3400
1900
1900
2500
23100
1700
3500
2000
3300
2600
2300
3800
3300
3500
4200
2600
1500
2400
3500
2700
2100
1100
1100
2300
2200
2000
1600
3500
2200
3000
2800
2600
4100
3200
1800
2900
4300
2200
3000
1500
4100
2200
2500
4400
3600
2700
3000
2200
21400
3900
2000
3400
3200
1800
2100
3400
2300
3600
3700
2100
1900
3000
4200
2500
2500
5300
4000
1200
2900
2100
2100
1500
2100
4500
3500
2200
4500
3500
15700
3200
2600
3300
2800
1300
2500
3500
2600
2400
6200
2500
2100
2600
21200
3200
3200
2600
3100
1800
2200
2900
2900
2400
2800
2100
4600
3100
2300
5300
3700
3900
2600
4200
2800
1700
3300
2700
3500
2000
2000
2300
2300
1900
5000
2700
3300
4100
3200
3700
1700
800
1900
1600
2100
2700
2400
3800
1300
2500
2100
1400
2500
1800
1300
2100
2700
1600
2800
1600
2000
2400
20700
2000
1900
1600
1300
4300
2000
1900
2000
1500
2400
2100
1800
1300
1800
5000
1600
800
1400
1800
2000
2700
2700
2000
2800
1900
1900
2600
1000
2600
1300
2800
2400
2200
19100
1900
1900
1200
2100
1300
2200
20400
2100
1200
1600
20700
1400
1600
2600
1300
1400
2000
2500
1900
2100
3100
1900
1700
1600
2800
1800
2500
2500
2100
2400
3600
2000
1500
1900
2100
1600
900
1700
2300
1300
2200
2400
1800
1500
2100
2400
1900
2000
2000
1200
2000
1700
2300
2400
2500
1300
1600
1400
1800
2100
1300
1500
1800
2000
1400
1900
2400
2200
2900
1500
1700
2000
2100
2500
1900
1900
1500
1300
1700
1800
1500
1600
1400
2300
2800
1200
2300
1200
1800
1400
1100
1800
1600
2000
1900
1700
1800
1100
2700
1300
2000
1700
2200
1800
1800
1900
1400
1800
2700
1900
2300
1200
1900
2000
2100
1600
2500
1700
1400
1900
2200
1400
1100
2100
1200
23400
1600
1800
3200
2100
1800
20800
2500
1800
1900
1600
1300
1800
1900
2500
1700
2400
2300
1600
2200
16300
1400
1300
1800
2300
1600
1400
2500
1200
3100
1200
21000
1300
1800
2600
1900
1900
2400
1400
1100
1200
2000
1400
1700
2300
1100
2900
2100
1500
1700
1500
20600
2400
600
1500
1100
2700
2900
2600
1200
2000
1700
2500
800
2200
1500
1900
2600
1900
2100
1500
1000
1100
1700
1800
2200
2400
2000
1200
20800
1200
2600
20400
2000
1700
2200
2300
1500
3200
1800
2500
2200
1800
1600
2300
1700
1400
20100
2300
2300
1400
1700
20700
1800
2700
1200
1400
3100
2100
1500
2000
1400
2600
2100
2100
1900
1400
3200
1200
1900
1700
2300
1700
2200
1900
2100
1700
1900
1400
1200
2000
2500
1400
1600
3800
2100
800
1900
1000
2000
1600
2000
2000
1900
1900
1800
1300
1600
1000
1400
2900
2200
1700
3300
2000
3300
1700
1400
2100
2000
1700
1600
1400
1100
2400
2100
1100
1700
2700
2400
2500
2400
2700
1200
2200
2900
1300
2000
1600
2400
3100
2200
4300
2400
2200
1700
2400
2100
2500
1600
2900
2300
1800
2300
1700
16800
2400
1500
1700
1600
1600
1200
2000
3800
1700
2300
2200
2300
1000
2000
1500
2200
1600
1300
1200
2600
1300
1900
1200
1800
2000
1700
1300
2100
1600
1300
1200
2600
1700
2900
1200
1900
2400
2400
1700
1600
1900
1300
1900
21600
20100
1900
1700
3000
2200
2100
2600
1700
2400
1900
1300
3100
2400
1300
1300
1500
2700
1700
2600
2300
1500
1900
1600
1600
1200
2100
1900
1300
2700
2400
1700
2100
2300
2600
2300
1600
2300
3800
2000
3100
2100
2100
2600
1500
2000
2000
1900
1700
1500
1600
1000
1600
1800
1000
1400
2100
1400
1000
2400
1900
1300
1000
1400
1900
1100
1600
1300
1800
2100
2100
2400
2400
2800
2400
2600
1500
4500
2200
3400
2500
1900
2500
3000
2300
2700
2300
1500
2100
1600
2000
3100
2900
3800
3000
3100
5400
2200
5300
3100
4800
2400
2100
1700
2700
1800
2200
2700
1500
1800
1500
2900
2500
2500
2200
2800
3400
1800
1300
16600
1500
2200
2500
2700
2800
3500
1900
4200
1300
3300
3900
1900
2800
2000
1700
2100
1600
2100
2000
1200
2200
2900
2100
1400
1600
1800
1800
3000
1900
2100
1600
1900
1500
2400
1800
1000
2500
1500
1500
1100
1900
1800
1100
1700
900
1500
1600
4600
2100
1600
1600
2000
1700
2000
2000
1500
2500
1400
22700
1600
2100
2300
1700
1700
1400
1200
1800
1600
1200
800
1300
22500
1200
1900
1500
1700
1900
2000
1600
2200
2300
1600
1500
3300
2000
3000
2800
3000
1600
2200
1100
1300
1900
2600
23300
1200
2500
2400
2100
1600
1800
800
3600
22300
1700
3300
2000
1800
1500
1900
2200
1800
2600
1700
1400
24900
1700
1800
2000
1700
1500
1700
7800
900
26600
1900
1600
1500
2500
1600
2000
2600
1100
2400
2000
1800
1500
1700
1400
2300
2500
3300
1800
1700
2200
15700
1700
1200
2100
1900
1500
1400
2400
1500
1700
1600
1700
3700
2700
1200
2100
1500
1400
3000
1500
2100
3000
1000
1600
1900
1400
2300
1500
2200
2200
23400
1300
1600
2100
1600
3100
1800
2900
2000
1900
2200
1700
1700
1400
2300
1700
1500
1100
2400
2600
1400
2200
1600
1900
1900
1600
3100
1900
1500
2200
2000
2900
2700
1500
2200
1300
1500
1500
2200
1700
1600
2000
1800
1400
2200
1600
2500
1800
1500
1600
2600
1700
2200
2000
2400
2000
1700
3000
2500
1200
2500
1700
3000
1400
1700
1400
2500
2300
2300
2500
1200
800
2200
1800
3300
3600
2200
1900
2000
3200
2100
1000
2500
1800
1800
2300
1300
1200
1900
3300
2100
1200
1400
1700
1700
2200
2900
3100
2200
1400
2100
1800
2000
2300
2000
2100
1300
1900
1600
1700
1500
1500
1800
1200
2000
1200
1400
1000
3300
1600
1800
3000
2300
2200
1900
1500
1900
1600
1600
1700
1800
2000
1900
1700
1900
2200
2600
1100
1400
2400
1700
2100
2700
2400
2400
2100
1700
1100
2700
2100
1100
1900
1900
2000
1400
1700
2000
1500
1600
1600
2600
3100
1000
1700
1300
2600
1400
1900
3000
1500
1300
2500
16700
1800
2100
2400
1800
2100
3200
1200
28200
1400
2600
1500
1500
1900
2000
1500
1500
2100
1700
2200
1400
2500
1800
3200
2900
2500
1500
2300
3300
1500
2000
1600
1200
1500
1900
1200
1900
2100
2400
2500
2700
1700
1300
2500
2000
1700
2200
2400
1600
2100
1500
1700
2200
1500
1700
1400
1700
1700
1700
1100
1300
2700
1200
1000
2000
1800
1200
1500
1600
1300
1200
1800
800
1600
1900
1900
1900
2500
1000
1900
1700
2100
1100
2100
1800
2900
2800
1700
900
1300
1300
2100
2200
1600
1500
1500
2400
1600
2900
2400
2400
1600
1400
2100
2300
1800
2200
2300
1200
1900
2500
1400
3000
800
1800
1700
1800
2000
1800
1900
1400
2700
800
1700
22300
1900
2600
2200
1400
1600
1400
2800
1500
1000
2300
1900
1700
1800
1700
2300
1600
2300
2000
2200
2000
2200
2600
1600
2900
2000
2800
3000
1700
2000
1800
2000
2100
1800
2000
3000
3600
1800
1400
2700
2200
2200
1200
1200
1700
1200
1700
1800
2700
1200
2300
2700
2600
1600
1600
1800
1400
800
2400
1600
1400
22300
1600
1600
24500
2000
900
1000
1400
2100
2200
1200
3400
2000
1700
2300
1700
2500
1400
1600
2900
2600
15900
1600
1500
2200
2000
1700
1000
1400
1800
1600
1700
1000
1600
1600
1600
1600
2500
2600
3300
1600
15300
1800
1500
800
1300
2600
1700
2000
1000
1600
1500
1900
2200
2700
1700
1800
1300
600
2500
1700
2000
700
2000
2100
2000
1600
1100
1300
1400
1900
2900
1800
2200
1300
1600
1500
1400
2000
2900
2300
1900
1600
5000
1800
2200
1300
2800
1700
1500
1800
22700
3200
2900
1800
1400
1900
1600
1300
2100
1800
1200
2100
1300
2100
4100
3300
24000
2300
2100
1600
1600
2000
1400
3000
2300
3900
1700
1600
2600
2400
1200
1600
1200
4700
1200
1800
1200
2000
2000
1500
2900
1900
1700
1600
1800
1200
1100
2000
3200
2400
2300
1000
1400
1400
900
2800
2800
3300
1300
2300
1600
1900
22200
1000
1100
1100
22200
1100
700
1500
1600
3100
900
1100
1900
2400
1900
1400
2500
2100
2200
1000
1900
2400
2100
1600
1900
2200
2200
2600
1700
23500
2100
2600
1500
1300
2200
1600
2700
2600
1000
23700
2000
1600
900
1500
2100
2000
1200
1800
1900
1200
1200
2600
3300
2500
1400
22600
2400
2600
2700
3000
2200
2800
1700
1800
1000
900
24000
1600
1700
1600
1400
4900
1900
3600
1700
1800
2900
2100
1700
2000
2500
1500
1500
1800
1500
3000
1900
2600
2200
2200
1600
2200
2300
1800
2300
1200
22700
2200
1600
3000
3300
2200
2500
27700
1200
2300
1800
2000
2400
1900
2600
1400
2200
2100
1500
1900
1400
1700
1700
2300
2000
1800
1700
1900
3700
1600
1400
3100
3400
2900
1400
2300
1500
1900
1500
1600
4100
1900
1300
1900
1400
1400
2200
1100
1500
2900
1900
2400
2200
16200
1700
2200
1800
2300
2200
1600
1700
22300
1900
1500
1800
1300
2000
1700
1500
2800
2200
2000
23500
2500
1200
2200
1900
2000
1100
1500
1300
2400
3600
2800
2000
3400
2200
1400
1600
1800
1500
1300
1600
1400
2300
2400
1700
2600
2500
2400
3200
2300
1800
23600
1700
2400
1400
2000
3800
2200
1300
1100
1300
1000
1900
2400
1400
22600
2500
2200
1300
1500
1700
2300
2300
1800
2900
3100
1300
1400
1300
1200
2400
4400
1600
23700
1800
3200
1600
1700
2000
1600
2800
3200
2000
1500
1900
1700
24000
2600
1700
5600
1200
1800
2000
2300
2300
1700
1700
700
1300
1100
5800
1900
2200
2100
4400
3000
4700
3100
3500
17100
1600
4600
2900
1300
3700
3400
2800
1900
26500
1700
1900
2000
1600
1000
2400
2500
1400
2600
1500
2800
1500
2700
2100
2700
2200
2100
1000
3200
1400
2100
2200
1500
2600
2200
1700
1600
1600
4000
2100
1600
600
1200
1900
2200
1300
3100
1600
2500
2400
1700
1500
2100
3500
1700
1100
4200
1900
2400
1300
1700
1400
1300
2000
700
1900
1000
2200
1500
3200
1400
1400
900
1100
1400
1400
1300
3600
27000
1000
900
2600
1200
1700
1700
1300
1000
2300
2200
1900
1600
1700
2200
2200
2800
1500
2000
1300
1100
2000
2000
3600
2400
1300
2400
2400
2300
2500
2800
2500
2100
1900
1500
1900
3200
2600
3600
2400
1800
1200
2800
1400
1400
1900
1500
1600
1900
1200
1100
1600
2100
1100
2100
1400
1900
2100
2100
1600
1500
2100
1400
2700
2300
1200
2800
2400
2900
2700
2500
2100
2000
1400
24300
1200
1400
1700
3900
2000
1900
2400
1700
1900
1600
2100
1500
2200
1300
1700
3000
1500
1700
2300
1500
2000
1200
1500
1900
1700
1600
2500
1900
2400
3500
2800
2400
2500
2300
2000
2200
1500
1500
1600
1600
1500
1800
1400
1900
2500
2500
2500
2900
1600
1000
1800
3400
1400
2500
2000
3000
1800
2600
2000
2600
1200
1000
2700
2000
3500
2000
1600
1900
1800
1300
1700
1700
2000
2100
1400
1900
2300
3100
1600
1900
1700
2100
1900
5000
2100
2300
2400
700
2100
1800
3800
1200
2800
2800
1700
1900
20900
2700
4500
2500
2200
1500
2700
2800
1800
2200
2200
1100
15600
1500
1400
23000
2700
17000
1300
1200
2600
1500
1800
2000
2200
1800
1800
1900
1600
1700
2100
4500
2000
1200
3200
1300
1800
1800
1800
2600
1800
1300
2100
1100
1800
2400
1500
1100
1500
2100
2900
2700
2200
2500
2100
2800
1400
2200
1900
4100
1400
1100
1900
2600
1900
2100
1700
2000
23500
2600
2200
2300
1500
1000
2200
1200
2300
1600
2400
1200
2500
1200
1800
1200
1000
2000
3100
1800
2400
1800
2500
1700
1900
2500
1800
2000
2100
1700
2400
2600
16200
1400
3400
1000
23400
1300
1200
1400
1400
15100
2000
1500
1500
1500
2100
1400
2700
1500
900
2000
2500
900
2200
1700
1700
1900
2400
2600
2400
2700
1200
2500
1100
2100
1800
2000
1300
1800
1600
1800
1800
1300
2100
1200
1800
3200
2100
1100
3400
1400
1500
2700
3900
1000
1300
2300
1600
1000
1300
2300
1200
1300
2000
2200
1800
2700
2900
2700
1900
3100
1400
2600
1600
1400
2600
2000
1600
2000
4100
1200
2700
2700
2600
2100
1800
2700
1200
800
2400
1500
1700
2400
1300
3400
1300
1400
2700
1400
800
2100
1900
25800
2000
20200
1300
2300
1400
1600
3000
2700
2700
2300
2900
15200
2000
2300
1300
2000
2100
1400
1900
1200
1400
1200
2300
2000
1100
1400
900
3200
1600
2300
1700
1700
2100
2100
2100
3200
1600
2100
2500
2000
2300
2000
2300
1700
1900
1500
1900
2400
2800
2100
1600
900
3700
1700
2500
2000
1600
2100
1600
1600
2100
2600
2200
1400
1100
1400
2800
1400
3400
1800
1600
2100
2100
2100
1200
1000
2600
2300
2800
2900
1900
2000
1900
1900
1300
3200
2400
1400
3100
3000
1700
1300
1800
2100
2300
2400
1600
3000
2000
2900
3900
2100
1000
1500
2000
2200
1500
1900
3200
700
2400
2800
2500
1300
2100
2100
3800
2600
2700
2700
1000
2800
3200
1800
2000
2500
3100
2100
2300
2400
1500
900
2300
1900
2800
1400
2700
1000
2200
1400
1800
1400
1100
3000
1400
1500
1600
2500
2200
1500
3900
2500
1400
2400
1400
1200
2200
2600
1600
24600
900
3600
1500
1300
1000
1500
2600
1800
1600
2300
2200
2900
1000
1700
1400
2100
1700
2100
1800
2000
1200
1700
2400
1700
2600
1500
2600
2100
1500
2100
2200
3600
900
1300
1500
1100
1300
1400
2000
2700
2600
1800
3000
2100
1500
2600
1900
3500
1600
4600
1900
2000
2000
2300
2700
1700
2600
2900
1600
1400
3200
1100
1800
2000
3100
1600
2500
2100
2500
2100
1500
2000
3000
2700
28400
1900
2500
2200
2200
1300
2800
2500
1900
2100
2300
22900
2300
1700
1900
2100
1100
1100
1800
1900
800
800
1700
2200
2300
1700
900
2300
3800
900
2400
2700
1700
23000
2300
2400
2000
1800
1600
2000
1600
2200
1400
22100
3700
1400
3800
22400
2200
2400
1000
2800
23600
2800
1100
3400
2000
2600
3200
1800
2100
2900
2600
1700
1200
1700
3000
1800
1000
23300
2000
1800
1700
22800
2300
16200
2000
2000
23300
3300
2700
3400
3200
1100
2800
26900
2100
1600
21500
2400
1400
2300
1900
1800
2500
1400
2900
1900
4200
1400
1200
2000
1200
1200
1400
1600
2600
3300
2700
1800
2000
1800
23700
1700
1700
2800
2200
2000
1600
2600
1400
1900
2000
1000
2500
2200
1700
1500
3900
2300
2200
2200
2200
1700
2800
2300
4100
4700
1500
900
2200
1700
2600
2400
1600
2600
2900
1700
2200
3200
3800
1100
2400
2100
2700
1900
1600
22400
1500
1900
1900
2300
2400
2400
3600
1800
2600
1400
2700
2500
1200
24000
1400
1300
23500
2300
2000
2800
3300
4100
1500
2200
3300
27400
900
1000
1500
2100
1500
1500
1800
1600
3700
1700
2100
1700
1000
2700
1700
2400
2200
2400
2200
3700
3500
1700
1900
3500
3000
2600
1500
2200
2100
4700
3000
2000
2700
2400
1600
1500
2500
2200
2300
800
2700
1700
22800
23000
1900
2200
1700
23100
2300
2300
2500
1900
2200
1600
3700
2200
1500
1800
23400
1100
23800
23800
21900
2400
2400
23400
24100
2100
1000
3700
2000
2700
2300
1400
23200
1600
1400
3300
22900
1900
3400
2000
2000
1400
1300
2100
1800
22900
1700
23800
1800
2600
1500
23700
22400
23400
2600
2200
2400
23400
2700
4100
3400
2600
3100
2700
3100
24000
2700
1200
2000
3000
1800
3100
3300
2700
2200
2700
1900
2700
27700
2800
1500
2500
2000
1100
2300
1100
1900
1700
1900
3600
2200
1800
2400
2500
1900
1700
2000
1600
1000
2100
1900
1400
1800
2600
1800
2300
27300
3700
3200
1600
2400
1500
23300
3100
2900
2600
2100
2800
3600
2500
2200
3300
1600
2000
2700
2200
22900
1800
2800
1300
1100
2300
2300
22700
2900
2800
1500
1300
4300
1600
1700
1700
2500
1300
1700
1200
1800
800
1700
800
3600
5200
1800
3100
2800
1500
700
700
2100
2900
2600
4300
3600
1900
3400
2000
4400
2300
2900
2400
1700
3000
4000
2200
2900
2900
1300
3000
4200
3800
3100
3300
600
2400
2500
23900
2500
2300
1900
1700
4300
2200
3400
1500
4000
2300
