7100
5200
5700
3600
6400
6100
4800
4400
5600
5000
23300
3300
4000
2600
3500
2800
4000
2800
17300
3500
3800
3800
2800
4300
3600
5000
4200
3700
3000
3700
3800
4200
4000
21900
2500
22400
3300
21600
4300
5900
3700
5400
4100
4500
5000
6100
3700
5000
5600
3300
4000
4900
4900
4900
3700
3700
7100
5000
3200
3800
4800
4600
2600
4500
5600
5500
4400
5100
4700
5500
5300
5100
7000
5800
4900
19200
3700
3800
3500
2800
4400
4000
3500
6000
21900
4300
6100
4700
4200
22500
3400
4300
4100
5000
3800
4800
22700
5500
4300
4000
4400
3800
3800
3600
4700
4300
6700
2700
3800
4100
4700
3800
5400
5500
5600
3300
3400
4100
3500
15800
3800
4800
5300
3600
4300
3000
3100
10000
23100
22100
3500
3900
3500
4000
5900
4300
22400
3700
3200
21300
21300
4000
21800
3300
3200
4100
4200
2700
3900
21300
3500
3600
4000
5100
25400
21800
3500
21700
5400
3300
2700
3900
3300
3000
4500
2000
21200
21600
4400
3400
21100
2800
3900
3100
3300
3800
3400
4200
4300
3500
21500
3300
3400
24800
21100
3000
3900
3300
21100
4300
3700
3400
3300
22700
5100
3200
22700
21900
21800
2500
700
3100
3800
3700
2800
22400
21700
3300
4200
6700
7700
3800
4500
4100
2300
25000
3400
3300
22000
3500
3900
2400
21700
3400
3000
5400
23000
3500
4500
4200
4200
4300
3400
7400
4400
5600
5000
5500
4400
6300
3700
3900
4800
6500
5600
7600
6700
4900
4800
5600
4100
3800
6000
4600
19300
16400
2800
3700
5400
4900
2800
2800
2000
4800
4200
2900
22100
4900
21400
3700
2800
2500
2200
3700
2500
2700
22100
1800
3700
2500
2600
22300
2900
2600
3600
2900
3800
3100
2800
3400
3600
2800
3100
2800
3900
2800
3100
2700
5500
3200
3100
3000
4400
3700
8800
3600
3200
2800
18300
4000
3400
3100
2900
2700
3000
1700
3500
4300
3900
4000
8400
4300
3100
4100
4200
3500
3400
2200
3700
3500
2300
1600
3800
4600
2100
2600
3100
3200
2900
3600
2400
3600
2600
3500
4000
4100
2600
3500
2300
3500
22900
4100
3100
2600
2700
2300
3800
2700
3400
3400
3100
2100
2400
3400
4100
3100
2400
1400
4200
2700
2200
4400
4200
21600
3800
22000
4200
2900
20600
21100
5500
3800
3500
2700
2500
3200
3700
3100
5200
4000
3300
2100
2900
4000
3200
3200
2800
2800
4900
3200
3900
4400
3100
2800
4100
3800
21800
3300
1500
1900
3200
1900
3900
3400
3100
3200
4300
2100
2800
2300
20900
2200
3400
3800
2200
2300
21700
2100
3000
22300
21600
2300
21300
3600
3800
2000
2200
5100
3700
4500
3000
2900
3700
3400
2600
3400
3400
3000
4600
2500
4300
3700
4800
2600
21800
20800
3400
2600
21800
2500
3000
2800
3900
2000
2300
20800
3600
3100
2800
21400
21900
3300
21500
3200
3900
21500
4100
25000
2900
2200
3800
22300
3200
3500
3500
2300
17100
2700
3700
21800
2000
16300
4600
2900
21100
2900
4100
2600
2800
2900
1600
3700
4100
3100
2700
2900
2800
21000
2600
3100
3100
4200
4300
3600
16700
21400
3600
21700
4200
21600
5000
2800
22300
4500
4400
3300
5300
4500
3700
4600
2600
2800
3100
4400
4300
3500
3000
3900
6100
4500
3900
6100
2900
2700
4500
2900
3100
3600
3200
1800
4300
4400
4300
3100
3000
3900
2700
2800
3900
3600
4300
4200
3600
2800
3800
4700
4400
3900
4200
4600
2100
3600
3900
3100
3500
3000
2300
4600
2600
3700
3800
2900
3200
2500
2800
4300
3100
2300
3300
20400
4100
5200
3300
3300
2900
4100
3500
21600
4200
3700
3300
20500
3500
3800
2800
3100
3300
22200
3400
3000
4000
3700
3600
2900
2600
2800
3600
2600
21700
3100
2600
3600
2600
3700
1900
21500
3200
17200
4200
3000
4600
2900
3100
1900
11100
3600
3700
4200
2700
3300
3100
4300
3300
2400
2300
3600
5200
3200
3100
12500
3600
2700
2900
6900
4100
3300
5100
3800
4300
4000
3600
4400
3700
5700
4100
3400
2600
2600
9800
4000
3400
3200
4500
3200
2900
3100
2600
2900
3300
3400
2800
2900
4100
3600
20800
3500
3100
21900
4100
3100
3000
4300
3300
2500
24400
3000
4400
3900
4100
3000
3800
21800
3200
3300
2900
3900
3000
1900
2700
2300
2900
4600
3300
20900
3200
1300
2800
4000
2900
3100
2600
3500
2400
2600
2700
3600
21500
2000
4800
2700
3400
3700
21200
3000
3600
3100
1900
3300
3800
16200
3500
2900
3500
3300
2500
4500
2700
21600
2600
1000
2500
3100
3700
2700
2700
4000
3700
3000
2300
2900
3200
5600
4000
6200
4500
5200
29000
3700
4200
3600
3400
2600
4100
3800
3200
4100
3100
2400
3100
3800
2300
2900
4700
3400
21800
3500
3100
3600
3200
5500
3900
3900
3400
4300
21100
4100
2400
2900
4000
3400
5700
2200
2500
4600
3100
4200
3500
2900
5200
2700
2200
3000
5400
4300
4400
3400
4200
3900
4700
6400
4100
2900
3100
21200
4000
2400
20400
3400
4300
3700
4100
2700
3300
3000
3200
2000
3700
6000
2200
4400
3800
21100
3300
21900
2100
2800
3500
3200
2800
3100
2300
3600
3600
3900
3600
4400
2600
21200
3800
21400
3800
3400
2100
3400
21200
3500
21500
3500
3600
3200
20800
21900
4100
4200
4200
3700
3000
3200
3100
3600
3400
3100
6600
21400
3800
21000
3000
2500
20700
2600
4200
4400
21400
20900
3000
3500
2100
3300
2200
7300
3200
3500
22000
2800
2400
2300
2800
3100
2900
3000
21200
2600
22600
3500
21000
3100
2600
2700
3000
3500
3200
8900
2900
2200
4800
24200
2400
21200
2700
3300
3100
3800
2900
3600
2700
2100
29700
4100
4100
3300
3300
2600
2400
3900
3600
3000
2900
3800
4300
3400
3000
3000
3400
20000
4100
19300
3400
3500
2400
11600
2900
2700
3200
4500
3300
3200
2800
4700
4800
9100
2900
3300
4000
3200
4300
3000
3200
2000
16400
3400
2600
3500
3900
3400
3000
3800
3100
2300
5600
3100
1800
2000
27800
2700
3000
2900
17200
2700
3100
21800
1400
20500
3500
4000
3700
2700
2200
23400
3100
3300
3200
4500
2700
2600
4300
2800
21100
21500
22100
10700
3000
4000
3000
3500
3200
4100
3500
2200
3300
2600
3500
1800
3300
2900
3400
21700
3900
3400
3300
3300
2200
23800
3500
3600
3900
3500
3600
5300
2900
5700
3900
3100
3900
3000
2100
3200
4400
17400
3100
1900
3100
2300
3500
3800
5200
4800
3000
3400
2600
3500
3300
3800
3100
2300
4000
4700
3300
2500
3800
3800
3000
3600
3300
4500
3100
3400
3800
3100
3200
3700
3300
5400
5300
4600
17700
2700
4000
2800
2900
3900
3800
3600
4300
2500
21000
3300
2800
3800
3100
4500
2700
3300
4200
3300
22700
3600
2700
3800
4600
4100
3000
3900
2800
5400
3300
4000
2200
4000
2800
3800
4200
2700
4000
2600
2900
3800
21400
3000
2600
2700
3100
2900
2500
4600
4000
21400
4000
4100
2800
3900
3900
3100
3600
2500
3600
3600
2400
4000
3500
3600
3000
2300
3200
2800
3300
2900
3000
21900
3100
3400
4200
2800
3400
4400
3500
3800
2500
3000
3100
3000
4200
3500
4500
4400
3300
3200
2800
4000
2300
3400
2000
3900
8700
3800
2500
2200
3500
4900
3500
4000
2900
2200
3700
22300
4000
3200
3200
3900
2800
3000
4100
3400
4200
3900
4700
4600
4800
4200
21300
3800
3200
3400
2300
3000
22000
3100
2300
3700
3300
5200
4100
3200
3200
2500
2700
2900
3600
4000
2900
3000
16800
3800
3500
3900
5200
3500
3100
3000
6100
5400
5200
4600
10700
7500
3100
3900
2000
3300
4100
4300
3500
3700
4700
4200
4200
15000
3600
3700
2900
5400
8800
3500
3200
3600
3100
4000
4800
3300
3800
4100
3100
4300
5100
3500
3800
3600
2900
3700
4100
4900
4500
6000
4700
5700
4400
4600
4400
6100
3500
3200
4000
5700
4700
2800
3900
3200
2900
2800
2300
4600
3800
2700
2600
2100
3300
3600
3400
2800
2900
3600
4800
4400
3000
2300
3500
3100
3700
2900
4200
5900
2200
4000
3600
3600
3600
3200
3300
3200
4000
3900
3300
3600
3300
3500
3700
3400
5000
8600
8100
4000
3500
3400
3400
3100
3500
3400
3800
2600
2100
3300
3400
2800
3400
3400
3400
3900
3500
3000
3000
3900
3400
3500
3000
4000
21200
4200
4800
2500
2600
2300
3300
3500
22300
3000
2500
2800
3500
2800
21300
22400
3800
20600
22600
3800
3100
3300
3300
3100
3500
4000
21300
3600
3700
2700
2600
3000
2300
2000
22000
2700
3900
2900
4000
2700
3800
3900
3900
2800
2700
2700
3100
4200
3200
5600
5200
5300
2800
4600
2200
3300
20900
4200
4000
4400
3200
4000
3000
3300
3800
3400
4100
21900
4200
3900
3400
3400
3500
3300
3500
4500
4900
3900
2300
22500
3100
3600
1900
4700
4900
3200
3500
17100
27200
3600
3800
21800
5700
4000
2800
3700
3200
4300
2700
4200
4800
3900
3700
15700
2900
3800
3500
3500
2700
4800
3000
2400
1900
3300
2700
2500
2100
21900
3100
3100
3800
3000
21600
2600
1500
3100
3000
3400
21900
3600
21500
3100
4900
2800
3200
3400
3800
4500
22100
2600
2600
2700
3800
3600
16700
3100
3400
2900
3700
3100
5700
4000
3800
20700
2600
21900
2600
3600
3700
3400
3300
21700
2600
3700
3000
2500
21400
2700
3600
3100
2700
21800
4100
2800
2800
3500
21700
3500
3600
2300
22600
3200
3200
2000
21800
2700
3400
22000
2900
3000
22200
21200
3200
2500
3200
3700
3100
3400
4100
3400
21100
3700
3400
4300
3200
2900
3700
3300
5800
2600
2700
2700
4000
4500
4200
21800
3000
3200
3900
3800
3100
2900
7300
4100
22300
2700
4500
3600
3000
3300
21500
3500
2700
3000
3400
16800
4100
2200
21300
3700
20600
3100
3100
21600
2500
3600
6000
2300
16600
3100
2900
3500
2200
22200
3400
4100
3100
3200
4400
3600
5200
4800
3200
3800
3700
4600
4100
6200
3500
2800
3400
3800
4000
3500
2700
3100
5900
4200
4300
4600
2500
4000
4000
4600
3800
3300
3600
3400
3800
3100
21700
1800
21500
3100
22800
4500
21600
3400
3100
21500
4100
4400
5100
4200
4200
3500
3100
4900
1900
3000
4900
4900
3400
4100
6600
4600
2800
2700
3500
4500
3000
4100
3400
4300
3100
2800
3000
21200
2000
3500
21500
3900
3000
3300
3500
3300
3300
3500
4100
2900
3200
6100
4500
3300
2300
3400
5100
3100
3700
2800
5900
4500
3700
2100
22500
3600
4400
3400
3500
3200
2400
3600
3200
21800
3700
3200
3700
22300
4100
3700
3100
3000
2500
2800
2500
2600
2600
21500
3000
3900
3000
3000
2800
3600
4300
3500
2700
2900
3400
3000
3900
2500
2800
2300
2300
4100
3200
3200
3800
3300
20900
2400
2600
3100
4800
4000
3600
2000
3200
21500
3100
2600
3100
3500
21700
21300
2600
2400
2300
3300
21300
3200
3100
3100
1900
16800
3800
2500
3100
3600
3300
2700
21800
2500
2100
3200
3200
3700
3400
3500
2800
21200
3000
3500
3100
3600
3200
22200
21900
2700
2500
2600
2800
2300
4000
4300
2600
2700
3800
2800
3600
4000
3900
3600
2700
4700
3900
2600
3400
3500
3600
2300
4000
2900
3600
2600
3200
3200
4100
3400
2900
3700
2700
2700
2700
2900
3100
2200
3700
2800
2400
3700
4000
3500
3800
2600
6500
4500
3200
20800
3800
3400
3500
3000
14600
2600
20800
3800
21100
6200
2400
5400
4400
4100
3400
20800
17100
20700
2600
21000
4300
2600
3000
4500
3400
5000
3700
4500
5100
3300
4200
5600
4100
3900
3800
3200
4600
3400
4300
5100
4700
2400
1900
3000
3900
16200
3500
2600
4000
3200
3500
4300
3700
3900
16500
2700
2500
3400
3800
3300
3800
3400
2900
21200
3200
22500
21700
3200
2600
17200
21100
21700
2500
3000
21400
21700
2900
2600
4400
3100
21200
3800
2600
3300
3400
3500
20800
3600
2800
3500
2600
3300
21000
3800
4400
3900
3300
3800
3900
3200
6600
3200
3700
2600
2900
2300
4500
4200
2600
2200
4200
2200
3600
3500
21400
4600
3700
3100
3900
3500
4400
3700
1900
3400
3500
3300
21700
3400
21400
4100
3400
21500
3400
3200
5600
21000
17300
3500
17200
2900
3100
1800
5100
3600
3100
22100
3000
2800
2900
3500
2500
3500
2900
22800
3400
2800
3000
3300
3300
3200
21100
2100
2400
22900
3000
4200
3400
2400
11500
24100
1500
1500
20100
2800
2100
3800
2600
2300
21200
2700
2100
2500
3100
3800
2300
1900
3600
20800
1600
21100
21700
2300
1700
3000
22100
2900
2000
21600
19700
16500
2400
2700
2100
2600
1900
2600
2700
2600
21900
1800
1800
22000
3200
2300
1900
2200
2500
20700
1200
3500
2200
2000
21400
2700
2900
2900
3700
3000
16700
2200
1500
2900
3100
2900
2400
1900
1900
20900
1600
3600
20500
3000
2500
2800
2800
1900
2900
2600
2600
2600
2400
2700
2200
21200
4300
1700
2900
2000
2600
2100
1300
2600
2000
21500
2500
3100
3300
2600
2600
2300
21300
2300
3400
1500
2700
3200
2200
2400
1700
2400
2500
2200
1800
1600
3400
2700
1500
2300
2100
20600
21300
21200
2800
3000
2300
20800
1700
3000
1700
2600
20300
3300
22200
2500
2900
20500
2100
3000
1600
3400
3000
2800
2600
2300
2600
3300
2400
2300
2900
2600
2200
2900
3600
3900
2100
3000
1800
4000
2800
3600
2900
3300
1900
2700
2100
3300
1900
3200
1600
2400
2500
3300
1800
20800
20200
22200
2200
3000
20900
1300
3300
2100
2700
2200
2800
2600
2000
22100
3000
2700
2400
2300
3100
21100
21400
2900
2700
3300
2700
21800
2300
2600
1900
3600
800
3200
3000
1500
1600
2500
3300
3200
1600
1000
3200
3000
3000
1900
22100
2900
2900
2500
22000
21000
3600
2200
3700
1900
4200
1400
3400
2800
2000
1500
20400
2400
2500
2100
21100
2300
19900
2800
20600
2800
21200
2400
21900
3900
2700
2700
2300
1500
2700
1900
1500
2600
1700
20400
2300
3000
2700
2500
20500
2700
2700
3000
3100
21000
1800
2400
1300
1900
2600
2000
2700
2500
3500
1400
1900
21200
2900
2500
3400
2600
20200
20100
1300
2100
2200
20500
2400
2100
1800
2900
2100
1500
2400
21200
2200
1000
1700
1500
20900
2700
2100
1400
2000
21700
2900
2100
2300
2700
2900
3600
22000
2800
2800
2100
2500
2200
2200
21600
22000
3300
1600
1900
2400
3700
2300
21100
2400
16400
3900
2800
20300
2100
3900
1800
2600
3400
2900
2700
3400
21300
2200
2300
20300
2300
21200
3200
21200
15600
2800
3400
3100
2400
2800
20200
2200
2200
2100
2200
1700
3000
1600
15500
17500
4800
33600
2900
16700
2100
3200
2200
2600
1800
20600
3100
21700
2300
2600
20600
20500
21100
2600
900
16700
1800
2400
2700
15700
4000
2200
3900
2300
3900
21300
1600
20600
3100
2400
20100
20600
1900
20900
1800
2300
2000
2600
2900
2300
2800
2900
2600
1700
2900
3100
21600
2500
1300
2600
1800
3300
2300
1900
20800
3200
3400
2400
2500
2600
2700
3700
2400
2300
2500
2200
1700
2800
1800
2500
2800
1900
1400
5500
3300
1800
3100
3200
21300
3300
2700
21200
3100
1900
2800
1900
21500
2000
3000
3200
2400
3200
2400
2100
2600
2700
2700
20200
2600
1800
3100
2500
2100
2300
2400
1400
2800
1700
2600
1600
1600
3100
2500
1000
2300
2700
2700
1300
2500
21200
2900
3700
3000
2500
2000
3200
2000
2200
1500
1600
3400
2900
2300
1800
2300
2300
1900
2100
19800
1900
2400
3100
3600
2400
2100
2500
2900
1900
900
2300
2400
2000
2600
2500
2600
2600
14900
2200
3300
2000
2600
2000
3100
1900
1900
2100
6000
2700
2200
26300
7400
2200
700
1800
15600
3200
15500
2400
2400
2300
2600
1800
3700
21700
2500
21500
2900
2300
2700
20400
1400
4000
3000
19600
3000
2100
2100
3800
2700
2900
21000
1500
21300
16100
1300
2100
3100
2400
21000
3500
2200
2400
4100
1600
21000
2600
2900
2900
2100
2400
2800
2400
3100
2100
3700
17200
2800
2200
3200
2700
16400
17200
2700
1600
2700
3100
2300
2300
2900
2200
2400
1900
2700
21200
1600
1800
2400
20900
2200
2600
17200
2600
1900
21400
2200
21000
2800
2500
2500
3000
2800
2000
2200
1900
3700
1700
1100
2000
2600
20500
2400
2500
2600
2000
3000
2300
2700
1700
2600
2700
2900
2500
1700
2200
2200
2400
1700
3300
2200
3600
2800
2000
2700
2900
2500
2600
21400
3100
3600
2900
1400
2000
2600
2900
3300
3600
3000
3100
3200
2800
1900
3400
1900
2700
1700
3400
3500
1800
2400
2600
2300
2300
1500
3100
700
1900
1100
1600
2100
20700
3100
2200
3100
2400
2900
20900
2700
1900
1600
2200
1700
2100
2300
2500
3000
2200
2600
1300
2600
2400
1900
3000
3100
2000
2500
3900
20500
1900
2700
1200
2000
2600
2900
2000
2400
2000
2300
1500
3200
1800
21800
1700
22600
1900
2400
2100
2700
2400
21100
1800
20800
2900
3200
1400
3000
1900
21500
4500
3000
2700
2000
2000
900
2700
1800
2700
2200
1700
2600
2700
2600
2200
2800
2300
2800
2100
3400
2400
2000
1500
3500
2000
2600
1800
3500
20900
20900
2100
2100
2200
3000
20400
2300
2200
20700
2400
2400
1700
16300
2200
2300
2900
2700
3100
2300
1900
3300
3400
2200
2800
2100
20400
2600
2300
2600
2700
16400
21200
2300
22400
20600
21000
1900
16900
3600
2800
21000
3400
1800
15500
1900
3400
2300
1600
21300
1900
1600
3000
22000
20300
2800
2100
2300
2400
20900
21000
2300
2400
2700
3300
2700
400
20900
2900
20500
2400
2500
20700
21000
2300
1800
2700
1700
2100
2800
2700
2500
2100
20600
2400
20900
3100
2400
2200
19900
2000
16800
2400
2700
2500
2600
2800
3200
2900
3000
21100
1800
3000
2000
2600
20800
3200
1300
1700
2800
3900
1900
3700
2300
1200
2300
10400
2300
2800
2700
2300
1800
2100
2800
1500
2400
1700
1600
2100
2600
2700
3100
3200
2200
2600
3700
2700
2400
19500
1500
2400
2100
2000
2500
2900
1400
3200
9200
2000
2000
2400
6600
2200
2000
2300
2900
2400
19800
19300
10600
3200
2400
1900
2700
2200
3100
3000
5700
2400
2400
2100
2500
2900
2500
2500
3000
2200
2600
2300
15500
2400
2300
2400
3000
2200
2100
3000
2500
20400
21100
3000
20500
1200
3900
3300
21300
3100
20500
20900
2800
20900
2200
3100
2700
20300
2500
2400
2300
2200
2100
2300
1800
3100
2100
2200
3000
20900
17300
2100
2500
3200
2900
3400
2300
2700
1800
3600
2300
2000
4000
1700
1900
2400
3200
2400
2800
21100
2500
2000
4300
2400
2900
2200
2300
4000
1600
2800
2300
1500
2200
2700
3100
1300
2500
2900
2900
4200
3400
2700
3700
2400
2800
3600
2500
2900
1800
2200
2600
2500
1500
3400
1900
2600
2800
2700
1400
5300
2600
2700
2100
1800
2600
2300
2000
3100
1600
2200
2600
25300
3400
2400
3300
2200
2500
2000
2200
2600
3100
2200
10300
21500
3300
2700
2200
2400
2200
1600
2700
2200
2300
1600
1400
7700
2000
1700
1600
4000
4500
2200
2800
2200
2700
2600
2300
4100
2900
2000
2400
2700
2800
3300
2600
3800
3200
2800
2000
3600
2100
3000
2000
2900
2300
2100
1600
2800
1800
1700
19200
2400
3400
2600
1900
3200
2500
2800
2500
2600
2100
2800
3400
2300
2400
3100
2900
2700
2400
2700
2700
5600
2200
2000
2500
1800
2500
2200
2300
3000
2000
2100
3800
3800
2100
2900
1500
1600
2500
4200
3900
1600
2000
3900
3000
1300
2100
3900
2000
4500
1700
2800
1900
3200
2600
3000
2900
2700
3100
1900
2500
2200
1500
2400
3300
2800
2600
2100
3500
2000
2300
2100
2100
1700
2100
1600
1800
2600
2800
2800
2300
2700
3500
3600
2300
2700
3200
3200
1300
19800
3600
4000
2900
1100
2900
2800
2100
3800
3300
2200
2100
2600
3400
1900
3600
2500
2900
2700
3000
2400
2500
2700
2600
3200
3200
3200
2200
2800
2900
3100
2400
1900
2200
1700
1700
1800
4600
2600
1600
1800
2600
3000
2300
1600
2200
10000
3900
3300
2700
5800
2800
1700
2600
2600
3000
2500
1600
1100
2100
2700
3300
2800
1600
1900
2800
3100
2700
2300
1900
2400
3500
4500
3100
3500
2500
2300
2700
2300
2300
3500
10600
2900
2400
3100
4400
2700
3400
2100
2000
3200
2100
2500
2300
2600
6300
1800
2100
3200
2200
2800
900
16000
15000
2500
2400
4800
1700
2400
1300
15300
1500
2900
1400
2600
2900
2200
2100
2400
18900
2600
3100
2300
2300
2900
2600
2800
2400
3700
3600
3100
1100
3200
3000
1900
3200
2600
2600
2000
2200
2400
1700
2500
2300
2200
2700
1800
2100
3100
2900
3200
2700
1500
1900
2300
1800
1500
1900
2200
3100
3000
2800
2900
2500
1800
2600
2600
19900
2500
3200
3500
2400
2500
3800
2100
2300
1900
3200
2700
2400
1800
2200
1800
2300
2200
2200
2500
4200
2700
900
2600
2300
1100
2700
4300
2500
2300
13600
2700
2900
2600
1600
2500
3100
3500
3500
2500
2900
1700
1900
2900
8100
2700
2700
2400
3400
3300
2000
3100
2100
2900
20700
2700
3100
20900
2700
2800
2200
2200
1300
2900
2700
2200
2600
2800
21000
1900
3300
3000
3100
1400
3300
5600
4200
3900
4000
3500
2400
3600
3200
2600
4600
3000
2800
2500
3700
2200
2300
3200
2000
2200
2900
1900
15500
2800
1800
2000
4700
6000
2700
2400
2300
23300
3100
2000
3200
4200
2900
3000
2900
2700
2500
1500
3400
2900
3100
3700
6200
2800
9200
2600
19500
1700
3100
1600
3000
2800
3000
3200
2200
3800
2900
1700
2600
3500
2200
1500
3700
3300
3100
2400
2500
2400
1600
2600
2100
2000
2300
21400
3800
2700
3400
2100
2600
2500
2900
2600
3400
2200
3500
2000
3600
3900
1800
3100
3300
2100
2100
2100
2900
1900
2400
2400
2400
2900
2100
3100
3800
3100
2000
3600
2700
2200
2300
2400
2500
1200
2100
4400
1600
2400
3000
2500
1800
2500
3300
2400
3400
5400
3100
1900
2500
2400
3400
2300
1200
2500
4000
3900
2400
23800
3000
2800
18100
1100
3000
1900
2700
1700
2800
1500
2200
2200
2100
4100
2500
2900
2500
2100
1900
3600
2400
2900
2100
3000
2600
2000
2400
2200
1600
2800
2500
1300
1300
1800
2300
1700
2600
3100
2300
3500
2100
1900
3100
2300
2200
2900
2600
2300
2600
21400
3100
2000
2100
2900
2700
3000
2400
2700
2700
3100
3000
2200
20500
2700
1500
3200
1600
21300
17400
2700
20600
2300
1800
1900
2900
21600
21100
2700
2700
2200
3000
3300
1800
3900
1300
3400
2600
3500
2600
1900
2200
2400
3200
1800
1800
2200
2600
2100
2600
3800
2600
3900
2000
2700
1000
2000
3000
5200
2700
2400
2000
2300
2500
1800
2400
2500
2700
2000
2100
17200
4200
3000
1900
2500
2800
2300
2500
2900
2400
1300
2200
16900
3800
1100
3700
2500
4200
2300
19700
2500
3000
4000
20700
24500
3500
3100
3100
2700
3200
3400
3100
2000
1900
2100
1900
1900
1700
2800
15300
2900
1300
3800
3400
2600
2400
1600
2400
2500
2000
2000
2000
2500
3000
1400
1300
2700
2500
8200
2200
4700
1600
1400
3800
2800
2300
2600
2000
2100
2200
2400
2100
20600
3100
3600
3600
2600
2300
2100
3500
1900
3600
3900
2600
3800
3000
3400
3300
2800
2300
2100
4000
2700
2200
3300
2800
1800
2100
3400
1700
2900
2500
2900
3000
2500
1600
1400
2900
1600
2600
2000
3100
3300
1800
2500
1100
2700
21700
1900
2700
2200
2900
2400
2300
2200
3000
1400
19900
2800
2700
2800
4000
21400
2900
2500
20300
2800
2800
2900
2800
2600
1900
1200
3000
2500
3000
3100
19500
3000
20900
800
3200
2400
3600
3100
2500
3000
3100
21200
3300
2200
3600
5700
3600
3500
4600
4200
3400
3200
2400
4400
2500
11800
4800
2400
1100
13100
2700
2800
2700
3500
4000
1400
3200
3000
3500
2600
2500
2100
2500
1500
3000
2100
2400
1200
3500
3400
1900
1500
4900
3300
2200
10900
2900
2900
3300
2400
2800
2100
2500
2100
21400
3700
4100
2100
1600
2400
2400
21200
20700
2300
2200
1700
2400
2300
2700
15900
1400
13700
3300
3100
2000
1800
4100
1600
3200
3500
3400
3000
2400
3300
1300
2300
3200
2500
3400
4400
2700
4200
2400
3100
2800
2300
2100
3800
11800
2700
2700
1600
2400
2400
2800
2700
3100
3300
2800
2600
3200
3400
2300
2000
2900
3600
2800
2300
2900
2600
3500
3100
2900
2900
3600
1700
2300
3200
2900
1500
2300
2500
2000
1900
2200
2500
2300
2300
1100
2500
3400
2000
2500
2500
2300
2600
2000
2300
2800
2100
3400
2300
3100
2300
1100
2100
4000
2100
2900
1400
2900
2400
2900
2300
1500
3100
1700
3100
2200
2900
2500
2100
1600
1400
1500
2700
2800
2300
2100
2300
17600
3800
2200
2200
3200
3700
2600
21100
3200
2100
2100
2900
2300
1500
2200
2500
1700
2700
2800
1800
3100
3700
3400
3300
2300
2300
2800
3400
2900
2200
2600
1900
3100
1600
3300
3900
3000
2100
2600
2600
3800
2100
1600
1500
2200
2600
2500
2500
1800
1500
1300
2500
19100
3200
2800
2600
3300
3600
3400
2000
3200
2400
2900
3300
3000
20300
2100
2400
3600
1600
2500
3200
2400
2400
1800
3100
1700
2300
2300
2200
3200
2400
1000
2900
2400
2300
2700
3800
3100
2800
1900
2500
1200
2400
2900
2600
1900
2300
1900
2900
3400
4400
3800
2900
3400
20900
1800
3000
2100
1500
2200
1700
1100
4300
4700
2800
2400
2300
2900
3300
3300
5600
4500
2900
9900
2100
2600
1100
2700
3800
2300
2000
4100
3300
4800
3300
3700
3000
2700
3600
3000
3100
27100
3000
4600
3600
3000
2200
2600
2500
2500
3200
2400
2200
2900
1200
3200
2500
2300
2200
3100
2900
2200
2400
2000
2000
2100
2400
3600
3300
2400
3700
2900
4600
4600
3400
4100
1900
2900
3800
2900
3000
2400
2000
2400
3400
1900
2300
2200
2500
3200
2600
2800
2200
3600
2200
2500
2000
2600
2200
2300
2600
2700
3200
20100
1500
1100
3100
3100
3800
2700
2700
3100
2400
22200
2900
3100
2800
2000
15900
1900
1700
2900
1400
2900
1900
2400
2600
2200
1100
2900
2000
3300
1300
3700
2200
3000
2400
2100
1600
5400
2600
2700
3300
1500
2500
2000
3100
2000
2000
3000
2300
2600
7300
3000
3200
3400
2600
2300
2800
2100
2600
2500
3000
2700
3300
2200
20200
3600
7000
2200
2600
3300
3100
700
2700
2200
1500
2900
3400
2200
1800
2900
2700
2600
2500
2300
2300
2900
4600
4400
2100
2800
2000
1800
3800
2300
2900
2500
2800
2600
2300
3000
3100
2800
2800
2400
3100
2900
1600
2100
3000
1900
3700
2400
2400
1800
2500
3000
5500
3100
3500
3100
2600
2800
2000
1800
4000
3600
1300
3100
2600
3500
3200
1800
2700
3900
2300
2300
2300
2300
2800
1800
21800
3000
3100
2900
1900
1400
3200
2000
3000
3000
1900
2000
2600
2800
3200
1600
2000
4300
3300
2200
1900
3100
2400
1900
1300
2300
2300
2600
3300
4800
2500
3200
2000
2600
2700
3100
2300
2800
3600
3600
2800
2400
1800
1200
4300
2200
1400
5300
2900
2400
2100
4400
2500
2500
2100
13200
3000
2100
1200
11800
2400
2400
2700
5500
2600
1900
3100
6400
3000
2100
2400
30300
1900
27300
2100
2400
1300
1500
2300
6400
2600
2100
1700
3000
2700
2100
4000
6400
2800
2300
3900
2800
2500
3000
3200
3100
2700
3400
2600
3000
2500
2100
3600
2400
2500
2600
2200
2100
3500
4400
3800
2800
2900
3300
2700
1100
1200
8200
2900
2200
1900
7600
1600
3200
2500
9200
2800
2600
21000
2400
3300
2300
2500
2300
7400
2400
2400
1600
3200
3300
3200
1500
8300
900
2200
1900
8500
22800
2700
2900
3100
3100
2700
2600
1400
2500
1900
3000
1400
2000
3300
3000
4400
3000
2500
3700
4000
2100
4000
4100
2100
5600
3600
2300
2100
2400
2400
2300
1800
3800
3700
1800
2300
7100
19300
3200
2500
2400
2600
1500
4700
700
2900
3900
6500
2200
2400
2800
3500
3500
2500
2200
2300
2800
1400
11200
4000
2700
3000
5900
1500
2800
2400
7300
2700
3000
1000
11300
2500
1800
2600
3000
1900
1600
2000
6900
2100
3800
2000
2400
2400
3400
2500
2300
2500
3100
2200
2000
1500
1700
4600
2900
2800
2100
3700
4700
2300
2700
3500
1700
2500
1700
2300
2500
1000
2400
10300
2400
2200
3100
3300
3200
27700
2500
2000
2600
2000
3100
2300
2300
1700
3400
2800
1700
2600
2000
2600
1200
27700
3500
2400
1700
3300
27100
1900
2700
1600
2700
3000
2400
2500
2100
4400
1900
1700
3800
2300
3400
3500
5000
2600
1600
2000
2300
2300
2700
2700
2500
8600
2700
1300
2000
2200
2400
2500
2000
2500
2100
1800
2700
3200
1700
1400
2200
1900
3500
2400
1500
1600
1600
3900
3200
3400
3600
2600
1100
2500
2800
3600
1600
3300
1600
2300
3700
2200
2200
3200
2400
3200
2200
3200
3000
2300
3500
2200
2600
2700
3700
2200
1800
3000
1700
2100
2700
2400
1500
1500
3200
2100
2200
2400
2200
1300
1800
2000
1900
3200
1200
2200
2000
1400
3400
1900
2600
3400
1600
1600
2500
2100
2100
2900
1900
2200
2200
3500
2300
3000
2200
3100
3300
2500
3400
2400
1900
15700
2000
2300
2900
2100
900
23400
3900
2600
3800
3000
2500
2500
2300
2500
1900
2100
2800
2600
2500
3200
2200
2000
2200
2000
1800
2100
1600
4000
2100
3200
2800
2900
2800
3500
1100
2900
2200
1400
2400
1900
1900
3400
3900
2400
3600
3700
2700
2700
2600
2500
2200
1400
2500
2200
3900
3100
1400
2800
2400
3700
3800
3700
3300
1700
2100
3100
2500
3700
3500
2900
3100
2900
2900
1400
3000
2700
3000
2800
2300
2800
3400
2800
2600
2800
3300
2100
1700
3900
3300
2100
3300
2500
2000
1700
2400
2500
2800
2300
4000
3100
2000
2400
2700
3000
4400
3000
4300
1400
2400
2400
2400
2400
2100
3000
3500
2400
2000
4500
3000
2900
2200
9100
2100
2100
3200
4500
2500
500
2100
3800
3000
2900
2200
2100
3100
2700
2200
2000
2200
1600
3300
2100
1900
2200
800
2000
2600
3100
3300
2000
2500
1900
1900
2900
2500
1700
1400
1300
2400
2400
1900
1400
1900
4400
2700
2500
2200
2300
3200
2700
2000
22800
3200
2700
2700
2600
2400
2300
1800
2400
2600
3800
2300
2100
3000
2500
2100
900
2600
3200
3100
2600
2600
2300
2900
2800
3500
3600
1700
2500
2000
2900
2400
2400
2600
2900
2500
1300
2200
1700
1900
2800
1600
1800
2500
2000
3000
2700
19800
2600
3700
2500
2600
2100
1700
2200
2300
1100
1900
3000
3400
3400
1700
3000
2400
3000
2800
2300
1000
2900
1800
2000
2400
2600
3000
2400
1800
2700
2900
1900
2200
1500
3400
2600
3000
2800
2300
1400
2400
2300
1600
2300
2500
2500
2200
1700
2100
2300
2400
3000
2400
1700
3800
4500
2300
1700
3900
4100
2600
3200
3400
4600
2700
6200
2400
1900
2700
1900
3900
3000
2500
2200
2700
1300
2400
2800
2500
2300
2600
2000
2300
3100
2300
3400
2200
1900
3400
1700
3300
1700
1800
2900
2900
2100
2300
3000
2700
2600
2000
3500
2300
1900
2000
3000
1400
2500
3300
1900
2500
1900
3400
2800
2100
23000
2300
1300
2800
3400
2000
2700
2900
2500
1900
3800
1700
3300
2100
2800
700
4100
2000
3700
2200
2200
2700
2200
2600
2300
2200
3200
3300
3200
2800
4200
2700
2900
2400
5900
15800
2300
2900
2500
2500
1600
2800
2200
3300
3000
3400
1800
2600
3700
2400
1300
2800
2300
3000
1400
3000
2700
2400
2700
2600
2600
3000
2100
3400
1800
1300
1900
700
3200
4100
2000
27900
2500
2300
2500
4400
2200
4100
2200
2100
1400
1900
3400
1800
2400
4000
1500
2800
2400
1500
1900
3300
3100
4200
4000
3200
2900
3400
3000
2700
2700
2600
3800
2700
3400
3000
2500
2700
3400
4300
2800
1200
3200
3100
3200
3200
2600
2400
1200
1700
3200
2100
3000
8500
2600
1100
2400
2900
2000
3400
3000
2500
2600
2700
1500
3600
3600
2500
3900
2300
1800
1500
2700
2500
2600
2300
3100
3500
2800
3000
3200
3500
2800
3300
3300
3300
3800
4300
2700
2400
3300
1900
2700
3400
1900
2100
3600
2100
2900
900
3400
3400
2900
27600
1900
2400
1800
1900
2100
2300
2900
1400
1800
2300
2200
2200
1400
2700
2400
1000
2000
1800
23700
15200
1400
2600
3200
15800
3000
1900
1000
2200
2900
2600
2300
1500
2900
2000
2100
4300
2600
2000
2600
3100
2300
22300
2000
2500
2400
8800
2400
1500
3900
2800
3600
3600
3400
1600
2100
2200
3100
3100
3000
3100
4700
1800
1200
2800
2400
2300
16200
1500
2800
2700
2600
2300
2400
2100
3300
2100
1500
2200
28500
27300
3200
1600
2000
3300
2400
2200
2300
900
23000
2000
2900
2900
3500
3400
23300
2300
1400
4900
2900
2300
1700
26600
1500
2900
2300
2800
3100
2200
3200
28400
1800
2500
1900
1600
2200
3400
3200
2600
2300
3600
2500
2500
700
2700
1700
2000
2700
2100
2500
2800
2200
22600
2900
2200
2700
2600
1900
24300
23200
2200
3200
3300
1600
2000
1900
3100
4000
1800
2400
2200
2100
3000
27100
3200
2900
1600
1000
28200
1200
2900
2300
2700
2700
2800
2300
15800
2600
2900
1700
2500
2200
2300
2300
2200
1900
3800
4000
2600
1400
4000
2700
2400
2400
2800
2300
2700
2400
4500
3200
2100
2700
1800
3100
1500
3500
3800
1700
2000
3000
3400
3000
2100
2700
2100
27800
900
2200
2500
27100
400
16300
3500
3800
1500
2200
1900
3200
4500
2400
2100
2100
2300
23800
2400
1900
2200
2200
23600
1100
24400
3700
2100
22900
3300
3000
2700
1200
1700
2600
2500
2100
2100
1300
22000
2100
3000
2800
1600
2900
23700
1900
1300
3100
3100
3500
2700
3200
2500
2100
23800
2200
24000
2100
2700
1600
2100
2900
2800
2500
2000
3200
2300
3200
2500
4100
2700
3000
1600
4200
4000
1400
3600
3300
1700
2100
2100
3600
8600
2800
4700
4900
3900
3400
3700
2700
3000
2700
2400
2100
2800
2100
1800
3500
4900
1800
2700
2200
2700
2600
2700
2300
5200
3300
2300
2100
1800
2500
1400
4400
3600
1600
1800
2100
3400
2400
2300
2000
3300
3500
2200
2200
28500
2600
2400
1700
2300
3500
2600
2000
1600
3800
3400
3400
1900
2500
2700
2200
3400
1900
3100
2400
2200
1200
3200
2900
1600
23800
2700
3000
3000
1100
2600
3800
4100
3400
23400
3200
2500
3600
23900
2300
1800
1300
3100
4600
1800
2200
2000
2200
2500
900
3000
2400
1700
2000
1000
3100
3900
3500
900
2700
1300
3600
2900
3100
2700
2200
500
3300
4400
1800
1600
2700
3300
2500
2900
2300
19200
3900
2300
3000
2900
2700
700
2400
2700
2300
1600
2600
3700
3400
3600
1100
1500
3000
2700
3100
2800
3500
5100
1800
2600
2600
2500
1900
1700
2900
1700
700
3300
2800
1500
2700
3500
3700
3400
2500
2900
2400
20300
2300
2400
2200
2200
2500
1700
1800
2000
1100
2700
3200
1900
2600
1300
2800
2500
2600
700
1400
2100
2700
2300
23600
1700
22300
1600
23900
1800
2500
2000
2400
22900
3700
3600
2400
1900
2200
22100
2700
2400
2000
2400
3000
3700
2700
2000
23100
1100
2500
1900
2300
12800
2400
2500
3700
3000
3800
2800
4000
3900
3600
3000
1600
1700
3200
4300
3500
2900
3200
2500
1400
18300
3500
2500
3500
2000
4000
3000
2200
3500
2900
2600
2600
2500
2600
2000
2800
2900
2700
3300
2100
2300
2200
5500
2200
2500
3300
2600
3000
2400
1700
2400
2700
2300
2000
2500
2400
2400
2500
2200
1000
2400
2200
2200
2400
2100
3300
2400
2800
27000
1900
1900
1600
2400
2300
3200
3600
1900
2500
2700
2400
2200
2600
1600
1800
2500
1900
2000
2200
3500
2100
1800
2000
3400
3100
2800
22300
2600
3000
2100
1400
23400
2800
3300
2200
3700
2500
3700
3800
23900
3100
1700
2300
1900
22700
1800
2700
22900
1700
2600
2400
1900
2300
3200
1200
2500
1800
2700
1900
1800
2300
2600
2500
1900
3200
2000
2900
2700
2400
4900
2300
2700
2000
2700
2500
2200
2700
1400
2400
3800
1700
1300
2800
2700
2400
2600
1700
2600
2800
2200
3600
3200
2800
3500
3200
2100
19800
1800
3800
1800
1900
2300
23400
2900
3700
2500
1300
2600
2300
3900
2800
4600
1800
2300
2400
2500
2200
22800
2100
1800
2900
2200
4000
2400
3100
2800
3100
1600
3600
3100
1400
2500
3800
3200
3600
4700
1500
2700
2300
2000
2300
2800
2800
3400
2300
2500
2300
1900
2400
2800
2500
500
1600
2400
1900
3200
1900
2600
3400
2800
3100
2300
2600
2600
2800
2600
3800
2100
2700
600
2800
2000
1800
1400
2500
2200
1600
2000
1500
2600
2500
1700
2100
2300
3200
1100
2600
1800
2400
2000
2500
3600
2000
2400
1600
3200
3400
2100
2500
2100
3600
2200
18200
24600
4400
2300
1700
2400
22800
23000
2600
2000
2300
2900
2500
2600
1900
3000
24600
1900
3000
600
1900
3300
2200
2600
2700
1500
24100
2800
2000
3000
1300
1700
2900
1500
1500
1600
2600
2400
2000
2900
1100
2800
3200
2200
7100
24400
2000
3900
3800
3000
2100
2000
1800
2200
2200
2500
16500
2600
3800
1800
2400
3500
2700
3300
3300
2700
2600
3200
3300
3100
1100
3200
2400
3200
3800
2700
1500
2900
3100
3700
3400
2700
3900
3600
2900
4300
3100
4100
2400
2400
2600
3400
2600
2300
3300
4200
2800
2400
3400
2800
18700
2000
2600
2900
22000
3000
2600
3100
3400
2100
2600
900
1400
2800
6400
3900
4800
3000
3400
3800
5900
25300
2300
3000
3000
2400
1100
3100
2700
4100
3200
3700
3900
3800
1300
3000
3200
4100
2900
3000
4200
2400
2700
5200
3000
4100
4400
4500
4800
1600
3900
2500
2800
3400
3200
19900
3000
7700
2900
2700
2200
2600
1500
2500
3200
4700
4700
7300
2400
4100
2500
6500
3500
4900
2600
2400
1800
3000
2000
2900
3200
2500
2900
2900
3700
2400
2500
3300
3400
3700
4200
1500
4500
3700
4700
3000
2800
5600
3600
3400
2500
3800
1300
1700
2700
3200
2500
4100
3200
600
3000
2000
3700
2800
2100
7500
3300
2800
3700
30300
3100
4000
2400
3300
2500
4000
5800
4600
2800
1900
2400
2300
2700
7900
2200
3100
2200
2800
2000
3900
2800
2800
1700
2200
3100
3800
2700
2500
2100
2300
4100
2900
3600
2900
2500
2300
2100
3000
3200
2700
2600
2600
1200
2900
3000
3000
2700
3800
2200
2100
3200
2000
2400
4700
2100
32100
3300
3600
2400
2600
3200
3100
3300
2500
2400
1800
2000
2400
2000
2800
1800
2800
2000
2700
1800
3000
5200
2800
3000
2800
2600
2800
2200
2800
2100
2800
2500
3000
1600
2000
2500
2700
900
2500
3200
2200
2100
2000
3000
3800
1700
24400
24700
1100
2000
2500
2200
3700
1700
2800
2100
2000
1300
2500
2300
2700
3800
2700
2800
2300
3000
2800
2400
22100
2200
1700
1900
2300
2500
2900
1400
900
3000
5900
3400
2600
2700
2500
22900
1600
2400
3100
2500
1700
2000
3600
2700
2900
2600
2800
25300
18500
1800
19000
23200
3200
2200
3300
1200
3600
2100
27600
3100
4300
1000
2700
1300
26100
2400
25700
2700
2600
25100
25600
1700
2400
3100
4100
3200
3000
2400
2700
1800
2900
1900
1300
2600
23600
2200
1900
26400
2200
21900
20000
1500
25500
25800
2700
1500
2400
26000
2000
2400
3800
2500
1900
2100
1500
3300
23900
2200
24100
2100
3100
25200
2600
2200
24800
1700
2400
25200
25200
26000
23800
1400
23400
1900
1700
2600
1900
2200
2400
2500
1500
24200
2500
2400
2200
1500
2700
4100
1900
25100
2300
2200
2700
2400
3200
1500
2200
2100
3100
1700
3300
1700
1200
1500
1900
26100
2100
1400
2400
2100
1400
900
1600
2600
1800
1200
2100
22500
26100
1600
2500
800
2800
2400
2500
3000
2800
3200
1000
1700
30600
2300
2600
3600
25600
5300
1300
2600
2600
1200
23200
3000
3400
1700
2400
23600
3200
3200
3100
1700
23000
24300
1100
25000
3700
2500
1500
1100
2200
26000
2000
25200
2100
25200
27100
3800
4100
2200
2300
2200
2400
2100
2100
2500
2900
2400
1500
900
2000
1500
3100
1200
3100
2300
2300
2900
5100
1800
23800
22900
2700
4000
3800
2300
2600
2700
4700
2000
1300
1000
3400
2800
1600
2600
2500
2500
1400
2700
2600
1100
1700
2300
24800
2500
2500
2500
2400
2900
25600
1400
26300
2300
18900
2400
2900
2400
25000
2900
2700
24700
2700
2200
2300
23600
2000
2100
-800
-800
-800
-400
-800
