56300
4600
3900
6100
5900
4700
4700
5300
6600
7200
12200
3900
5600
4500
4800
5100
5600
5900
6400
7200
7400
6700
5200
5700
4800
7900
9400
10300
8000
9000
9400
4200
9100
10400
3200
4400
6400
10100
6300
7800
7500
10000
9900
8100
10000
14200
8500
9600
19800
17700
11900
15300
14000
9400
6500
9400
9900
24000
19300
21300
20800
20700
18600
26100
13400
16900
12300
10300
16200
13600
6400
13000
24900
22200
20800
22000
25900
24500
32700
16500
25000
20700
38400
9900
16400
14000
13700
6300
7900
29600
38900
18500
9600
8400
11800
4400
12700
13100
12400
19400
5300
24400
25000
3800
8400
11000
5100
9200
9700
13300
10600
16200
8600
12300
13100
15000
14600
15900
15100
14200
5300
12900
16100
3700
14700
13900
14600
7600
13500
16500
11900
5500
5500
17000
18100
13900
18500
14500
17600
21300
19000
17600
17000
9200
17300
21000
20300
8500
16300
19500
7500
22400
8100
13800
11800
9500
4600
9100
9200
17500
17700
24200
18900
27000
4700
6400
11000
11300
16700
17500
10800
18300
9400
10600
15400
7600
18200
7200
20500
11500
10800
18700
8900
17400
21400
11800
20400
8800
19600
18600
23500
23000
12700
22100
22500
11100
13900
24600
11400
23100
11500
27200
18100
8300
26500
21300
24300
25900
10000
19100
26200
10800
5400
8300
26700
16600
5700
19100
19100
26900
8200
16600
29600
16200
22800
9600
18100
14100
26700
9700
8700
10600
15600
7600
26700
25600
26500
17300
25900
5300
6200
6600
8900
15100
13600
12000
9700
19700
23800
10400
31000
15300
28600
31900
63300
17600
55700
10300
9800
7700
22300
9800
12200
4800
5800
10400
6700
7800
16900
25800
13000
12600
15800
29300
19000
17700
34100
28900
26500
11900
31700
27500
36100
14500
8500
18700
21100
13800
10900
16100
6700
20700
7800
7400
16700
12100
22200
10800
7400
19200
10300
22300
9200
13100
30800
15600
15200
16400
29500
5000
11000
8400
8600
7500
10100
11200
19300
8100
18500
13600
8100
6900
20300
5400
24000
8300
11100
7300
14700
11200
78700
34400
28600
21400
17800
14900
23300
6700
14800
11100
12400
21100
13900
18300
32600
29700
8600
12200
10100
14400
17400
19800
28700
5200
5800
9800
16100
9500
6700
13300
17500
24500
46500
40400
39200
34000
27500
31600
12700
26700
31700
26600
31200
30000
31500
25700
18000
29600
14200
26400
22000
33100
39400
14400
23200
32700
28200
29200
32900
14300
10200
29200
23300
35800
28600
18600
26400
29100
22800
17000
24600
13800
10100
26200
45700
15800
16900
17000
22400
17800
25300
20700
18100
19400
19700
22900
22100
20000
21400
10800
14000
12900
34900
9500
15600
22500
18000
7500
45500
37100
34800
30500
20200
10500
48200
11500
40700
20500
21700
16700
24400
21800
28900
13400
21700
39700
12700
42000
25300
49700
50100
34000
51500
41200
52200
16300
25400
9200
23100
30000
29600
25200
23800
23000
9000
14400
19500
27600
28400
10200
11600
11500
15700
14600
15300
22500
27500
17800
21100
22200
36100
37400
21000
33200
20600
21500
23800
35300
13000
18900
15000
24200
23700
55000
8100
13200
22600
19400
24300
47800
23600
26800
29200
24000
16200
32300
29600
20700
37200
38800
30300
63600
51500
18500
12500
18000
24100
25200
9800
18200
31100
20000
23700
23200
31500
24400
35500
20400
19600
21600
23200
20500
11300
12000
28300
12700
24300
17300
28600
12400
18700
26100
12100
19800
18600
26000
12700
22000
24200
9800
11200
23200
13900
22000
23500
33100
34800
31000
20800
19300
35200
25600
18900
17000
24900
29500
22800
19800
36400
44200
36900
35100
25300
21700
20000
15800
20900
10400
30400
11400
31600
13900
25200
20300
31700
39100
37400
30100
29400
26300
13900
26100
28300
27900
45800
42900
25800
28200
32600
34100
34400
33900
33100
44000
42400
24300
31900
40600
34800
34400
33000
33100
36200
23000
31400
34400
16400
27900
38900
31900
40900
42300
48400
51200
14200
41200
34800
38200
35900
103200
70100
50400
35000
53300
51400
54500
44500
20600
62800
17600
39200
55100
35700
25700
54800
62100
51400
12100
70500
53900
19900
27400
13400
29800
17800
27300
48100
40000
33900
35700
49400
38000
40400
36800
15800
35800
37000
31200
37300
15200
33800
27500
28100
16700
25700
15700
22600
15900
28200
28900
20700
33100
29300
31200
13700
23700
31100
69400
14100
14600
27300
48500
22500
40200
31400
29900
17100
22700
13400
24900
30000
46300
54000
28600
18000
42400
21500
30000
31900
26500
36200
58000
40200
38300
30900
26900
37900
39800
14600
35300
35500
35900
22000
34700
69200
25900
79400
68900
73000
72800
24100
70300
23500
34500
18200
27000
20600
30400
17300
15500
34000
29400
37800
35500
35100
38300
36400
36400
16100
43800
21600
16200
47600
14700
6000
11200
9200
8600
13700
7600
14600
8200
9100
11000
15800
7800
13400
11700
16700
10200
15300
8400
7400
11600
8600
9600
10700
17900
9400
9400
12000
19200
9700
15900
9900
18300
10400
11400
14200
12300
18300
9800
9700
10000
11700
17300
16600
10700
22100
11600
9200
11100
12900
10100
7400
14400
10300
15600
12400
12200
10600
19000
15100
11300
13200
10700
12400
13800
17600
11400
12200
17100
30400
15600
13700
10500
15000
11800
14200
17400
9100
11700
16500
11200
13100
14000
15900
17800
15900
16000
14400
19000
10400
13700
15700
12500
18800
24400
21200
19300
20500
17100
16900
17100
22800
18900
16900
22500
8900
17700
21800
18400
16800
21000
19500
19400
20400
25900
23000
18100
18200
12100
16900
25600
23100
28100
24900
21200
22100
24700
22600
18400
17400
23000
14100
24300
24400
13100
20400
19300
16100
18600
25200
20100
15200
18000
33500
10100
21700
10600
18200
10800
18200
8900
13100
19100
19100
19800
22300
24200
36000
33000
10000
18500
20000
40100
25700
20200
26700
35000
11900
28800
21800
21700
20700
22300
21600
21100
25600
24400
20500
16000
18400
19200
19200
18500
21000
15000
22600
22500
17700
19800
21600
23100
17900
20300
25300
11400
19400
14300
18500
19900
16600
18700
24000
30200
24500
22500
26300
16400
25700
22600
24200
26000
23400
22300
22800
19800
26500
24200
25100
20000
23800
23000
19700
17900
21400
20700
12100
22600
16300
24900
21000
22400
22600
24700
14800
19300
23600
24700
23000
22400
21600
27000
24000
27200
16900
23800
25700
26300
21900
26600
25800
29000
29800
23600
25800
17000
25700
24900
29400
14500
25300
35300
26700
47300
16000
25300
30900
29400
32800
31700
24700
28500
22000
26600
16400
22000
21300
25700
48100
32400
28800
26500
18100
31400
31400
26500
56400
37500
30600
28400
28800
31300
28900
18500
24300
35400
35900
31000
30700
48200
44800
48200
54000
38200
14700
17200
41900
27500
26700
25800
28400
28800
24300
26800
23000
29200
16100
14500
23000
27200
24800
30400
28900
27200
14700
26400
25900
34800
26200
30800
28900
28700
14900
23000
41900
56700
49700
29800
48300
44100
58900
53300
42100
44100
16000
42000
26700
45800
33600
36400
36000
35000
35100
31500
29500
31300
17000
27700
15100
27000
29100
31900
25100
27300
28200
20100
12900
27700
28200
29300
33200
25300
25200
45900
30800
34200
25800
31200
31500
25600
24100
33100
33100
24500
20900
31700
24100
27500
12700
31400
17200
35000
33400
34500
24800
32400
14200
26500
30300
32000
33900
41700
37700
27000
41700
59900
33500
32600
36200
27800
15000
32600
43000
36500
57500
38300
65800
40200
35000
20000
48300
20200
34600
34700
36000
49200
68100
37300
34500
18200
40500
45000
60100
21600
36200
34900
36600
31100
61500
31500
26800
37200
51100
36600
39400
40800
55900
46000
64600
38700
37300
36400
17300
30200
30100
33000
29100
39000
33000
35900
28200
20600
30500
30600
33700
36700
16100
33100
42700
37500
60100
52800
70500
35200
36000
34100
51000
48500
48300
51300
50700
58800
44200
19000
20600
49700
47000
39900
31500
35000
35700
35800
19000
29900
37300
57300
17200
16500
22000
37800
32600
36100
18100
35800
40200
17000
37500
37600
62100
72700
38600
27600
33800
33500
37400
37200
48700
42100
40400
37400
45300
20000
34300
37900
42400
33000
38200
34300
39700
35600
33500
68400
84200
73600
69400
16800
74700
61600
67900
58000
60500
58700
42100
66200
54900
45600
20200
27200
110300
23200
75200
51000
45800
43600
40600
62800
60000
48700
31100
34800
49300
33800
21000
45900
130200
48600
36300
38100
35700
53900
46500
41300
29200
49500
41500
38300
23700
41600
38600
38300
40900
41400
22300
38000
28600
38100
41800
43200
30500
47600
33400
19900
27900
23600
39100
26600
37300
37100
25600
36700
40100
23700
35900
56400
47200
41000
42500
56500
39500
21800
37900
38400
40700
36400
20000
32500
69500
23800
27200
67500
41900
60600
19600
37200
41600
45900
19300
38700
29300
51800
46800
29100
27500
54700
42500
39500
39200
92500
58500
48500
42300
22800
55500
43700
43900
40100
64700
33200
43300
41600
61600
43700
43900
28100
23300
56200
43100
35200
42100
44100
29200
30200
42900
82000
29700
60100
41400
30400
30800
95600
93300
82300
60500
53800
45200
43500
33700
85300
57300
33000
47000
42300
40400
45400
54400
74500
44800
25300
51300
77000
88100
54700
30000
65900
33400
20700
38500
45500
115400
78100
26100
56600
81700
81700
57300
49400
51000
37500
55500
47100
87600
64500
58200
41300
34500
55700
26300
50700
82600
95600
43200
82300
81100
58400
57300
60600
52900
31200
51800
49100
36800
50300
42000
24600
24200
37700
65700
56300
52300
52700
47700
56900
50900
30400
37000
38300
50500
27600
45800
36900
44700
82500
33200
43400
68300
106900
39300
66800
101800
41900
54900
54200
60700
60300
56100
70600
107000
43100
34500
88100
86300
55600
51200
53400
40900
56200
94900
64400
110600
92500
89400
70100
112200
23600
57800
44100
65600
77600
68300
102400
39000
25900
66200
126900
88400
74600
60000
36400
38200
83600
79500
156700
80000
58500
56300
101900
25000
47500
65900
64600
101300
107800
25300
43000
55400
57200
86900
93000
34000
50900
83800
84200
53300
51400
66500
71700
53600
31100
32700
41200
38300
33200
192600
80600
55700
42500
135800
72900
60400
69800
167900
115300
52000
37700
40200
52900
36900
70900
38600
75900
46400
42700
133200
74900
84000
57800
137200
86200
73800
41500
38200
54600
39100
58200
60200
54300
57500
54800
133200
171000
91200
150200
131100
66800
61100
142100
61000
64300
48400
113800
106700
63000
44400
83400
117200
64600
59500
133600
76100
56800
41900
68400
85700
54800
51500
166900
31600
37000
92200
269700
124100
108500
121800
76600
33000
57300
49000
105900
54100
61700
242500
31500
53900
71200
50200
55300
54500
85600
167000
108000
50200
114600
76600
61400
62400
100200
34800
140200
73400
115700
95300
113000
121400
117500
58500
60900
84600
125000
37600
60800
115300
116800
67000
39300
39000
30200
38200
53800
144400
78300
79300
56300
105900
55900
64800
61500
121600
140800
123500
118300
127100
100300
255200
112600
94800
83900
116500
83300
55300
34000
146200
86900
48500
69500
80800
48200
58500
69800
68300
64100
59500
52900
122800
41000
58400
47500
35700
62800
55500
63400
126900
71800
47700
57700
34100
54900
33000
203300
75100
59000
33700
256300
116900
71700
90100
134000
76700
81000
70100
150100
87200
95600
195400
83000
135600
78900
183900
36800
68300
77700
77000
65400
66300
64300
96300
94000
41900
69900
42200
57400
85000
85000
139700
34300
68200
35600
42700
54200
80300
53900
48600
87800
86400
138900
91300
67800
64900
52500
52700
49400
88200
52700
48200
64200
57400
94500
63800
67800
67000
52900
61300
68300
68200
102600
97400
53400
65500
71700
78700
67000
46300
76500
37000
59900
53000
108700
52100
42100
58500
38800
86600
126500
130500
62900
106800
99000
114700
59900
60200
57800
61600
73800
71300
43700
56200
80400
56800
67500
34700
59900
77900
68700
69600
64200
79600
56300
65400
65200
80800
46900
123300
81300
99300
79800
62600
90100
99800
71300
54400
59300
96700
72500
65200
58100
67200
65700
60400
65700
67400
75600
73700
70600
65900
45200
46100
36800
57600
62400
55200
41400
66600
44100
64700
73800
54600
69400
70200
52700
63800
68400
67400
57800
61800
57200
62500
74100
57500
46300
62500
56000
55200
65800
51500
41700
76900
82800
51600
39000
75900
61800
68700
50800
119900
62000
129400
74700
65900
92200
122500
70400
56400
59200
66100
63900
128400
79200
72000
48400
63500
99400
44600
71700
89600
107600
81400
78200
66300
112100
107900
85700
47800
64800
57500
66200
71500
59400
73000
91900
48000
62900
47900
56300
52300
62900
51200
57000
60700
62900
64300
52400
71400
72800
61000
113900
164800
185600
170000
171700
58800
109800
143600
124100
122800
83300
79100
76200
73500
66400
62200
61100
62300
50600
58600
69700
49900
69100
72100
83800
71100
76100
67900
75600
77100
76500
86500
69400
69100
132900
90200
73700
45700
74100
78900
81900
77700
106300
59300
68200
71000
85700
62200
72300
78300
82300
95800
77900
79200
58700
76700
75500
77900
76900
80700
70600
46300
74800
74700
69900
56900
73900
80900
91900
79500
82400
62500
68900
82100
66500
44900
70100
123900
77700
42800
62700
81300
71900
76500
73300
114600
73700
67100
102900
80600
73400
64700
151400
115800
115100
91600
112500
103300
99600
82100
83100
78400
119800
88500
85100
83300
86600
135100
103900
57000
76700
115300
87100
71600
78300
94800
176300
126000
110700
53000
109700
105900
108900
91600
87400
86000
83900
81500
109100
89600
77500
56700
122000
62000
70500
77900
109900
102800
49900
46900
88500
84700
86100
86800
101900
152500
129100
66400
92700
71900
46700
62600
74900
88000
75200
72700
90300
110100
92600
85900
98100
54100
86600
70900
82900
72000
72500
74500
73900
55900
57100
76200
86900
85900
78800
72600
74200
91900
93400
72000
52900
53500
100600
100700
92000
85600
102600
56200
88000
90300
76800
85700
69900
58800
57200
77800
56200
82400
88000
62300
81000
68700
65800
78600
112600
99100
90300
58600
86000
81400
84000
57300
72600
172900
78400
80300
72100
74000
75200
87800
134900
185100
120800
175600
177100
90700
90800
74300
96500
132800
117500
56000
70000
108500
153300
103400
124000
84300
83000
78300
95400
81300
143000
111400
91000
62200
113800
103900
92300
60600
88700
81900
84100
71800
72600
94300
54900
56800
81800
62000
74700
70300
77100
96500
77900
90800
88100
98200
70800
80700
81200
88600
91200
61300
89000
67400
114200
121300
190600
92700
128600
169200
72700
138300
147000
135200
91600
107000
109300
104200
86500
87800
71700
78000
97000
84000
110900
92700
97800
54900
88200
96200
174600
103100
85100
58800
104900
58400
72500
89000
95200
82600
92600
101500
58600
80000
103400
85100
70800
68200
60000
91400
95500
109800
79300
95700
53500
89500
57100
74200
58000
90400
92700
97700
79800
93500
97800
81100
77000
145800
104100
99900
121600
100000
57800
82700
87900
143200
187600
56100
102100
81100
61700
94600
90100
94100
86900
92500
213100
217100
97400
81600
100800
57300
93500
128700
125200
64600
91400
133600
64200
92600
91600
88900
111100
110400
109300
87300
130300
130400
114900
111400
125000
173600
79000
61900
142100
195600
97200
93700
130900
242700
132300
102400
90900
55900
95900
65100
93300
114100
104700
79600
88700
84600
76100
177400
172200
101000
93400
141000
114300
104900
102400
90500
197700
82100
118500
165200
65100
91300
65700
77600
126200
111900
86000
75600
107300
80500
101000
108700
122200
60200
81400
88300
144500
99200
118400
113200
97600
154600
107200
67600
75300
163000
97400
81100
100800
97600
214900
66400
83900
61000
116500
90500
104200
98700
65300
96000
106900
100800
82900
78900
87800
101100
105800
90400
98500
102300
107400
107600
82900
82800
96300
95100
78700
99700
100100
128400
105800
87200
65500
131100
153800
117900
119600
133200
84700
84900
102000
81600
111500
81600
86800
86800
265200
223400
155800
101900
154000
72600
64600
84400
112800
129300
95700
116900
83900
183800
165500
101500
179100
174600
170800
162200
156600
157000
117000
111600
65800
102600
143700
111100
110100
100000
97300
104700
122800
106200
68200
103900
95200
98400
103600
92900
102200
149700
181200
75300
153600
90100
179000
128300
68600
106700
73500
105400
70300
273200
242900
125200
222500
125700
149800
79600
165300
159600
174300
75500
83900
99300
103900
70600
109000
136600
100500
109500
74500
89500
149000
76200
121100
112400
129700
95700
67300
120100
114700
133300
97000
119400
66000
106500
107200
143100
100300
89300
97700
89700
73700
104300
102800
115700
74600
104000
70300
99000
101500
98100
99600
116200
129500
109300
106700
86600
105000
115800
106100
84700
105600
81400
70400
73600
113000
152700
151400
88100
97500
172300
105000
107200
124600
118200
105100
67800
102500
170200
232200
82800
85200
176400
148900
124200
112500
140700
174200
105100
72300
67500
146700
113600
98000
83100
120500
72500
106700
216400
231200
157200
128500
153500
131300
134300
129200
155000
80400
111200
121600
137500
71100
113800
85400
71000
107100
96800
101600
85900
132000
98900
106000
134900
73100
109900
70300
70800
175100
81900
112900
101200
138500
120700
112100
169700
100700
72200
112600
74900
139900
105100
118400
111400
112900
83100
102100
104800
246300
148500
245100
179400
103000
100600
199300
273500
220900
111800
118500
93500
144600
136200
98900
112200
187600
90000
89800
214300
176300
204900
189400
86500
168600
113400
102100
92800
78800
74100
102500
143200
124600
71200
117400
111900
81600
117100
98800
81200
110500
80100
98700
82600
119900
105700
98200
118100
123500
88700
103300
76100
167200
118000
77400
94500
137400
110400
130000
103500
78500
214700
283100
211900
276500
233900
152900
115500
120600
95200
162500
89300
81600
125400
118800
146800
119400
130200
208400
165600
127100
123600
80400
138600
102100
134500
219400
238700
195200
131100
183100
127100
149300
106400
173500
132700
141600
124700
159900
156000
145800
133000
78100
226600
124400
115000
141700
120600
118700
149600
124800
105500
165800
127500
125500
153800
117800
148800
105100
114300
135400
291400
144900
288300
247200
116500
190200
102000
132800
127900
110700
100800
119900
116200
130100
99600
113800
120000
82700
104500
100600
118600
74800
91500
162900
130400
129100
142900
107800
128400
98600
101600
86800
111000
111500
120000
78500
126400
139300
108400
131600
189300
141600
133400
137100
122900
102500
185500
109800
169000
107700
80700
107600
175800
83600
103800
120800
99200
193200
132200
169800
126200
119400
103500
163400
174000
173700
97600
118900
91400
237000
191500
178500
79600
112400
105500
121900
126000
143500
162200
162300
183500
157900
134400
123400
103500
258700
163500
124800
121600
98600
145100
143700
80900
145100
149000
117500
129000
146900
106400
152000
81200
132400
120300
108700
135900
200300
122800
92400
84800
150000
107000
115700
125200
214100
183700
143000
141700
159400
126600
138000
119600
97000
144500
135600
75900
123400
124300
145100
123000
122400
121200
140300
126900
143500
158400
140100
90200
118400
134900
126100
153200
146900
107400
83800
133800
84100
79500
148500
156400
117200
143300
99000
115200
114600
114800
254300
84300
138400
113000
140600
144000
149800
115700
171000
130800
149100
108700
183200
84700
122000
143400
96800
143500
83200
144400
118000
118900
125300
113700
93600
116500
90500
141800
110400
118900
170500
162500
230300
164700
235300
135000
126000
231100
94700
92900
150200
148600
129800
182700
108000
111500
138800
243300
207400
163000
146600
205600
108100
92400
118900
145800
153300
90800
146800
148500
87000
121600
222400
156700
97900
139000
121600
130100
231900
153400
133800
87900
143000
169600
178200
177200
148100
157400
153600
139000
85800
137600
129100
231700
333300
230100
155400
89400
153500
152500
141300
116600
138500
135300
138000
150000
132900
144400
157500
81400
116500
138400
94200
124200
115700
142100
106500
134700
104500
125800
196000
155500
187800
292700
270500
220600
175400
199700
174100
189900
151500
279600
185900
91900
178200
197500
173200
150100
112200
184000
140400
125600
114000
133700
146300
144400
90900
154600
156800
86900
124200
129500
103900
94600
87300
134600
169400
132400
91600
130200
124400
123500
115100
123100
93400
94000
116100
91600
104200
147400
95700
149000
138300
108300
88900
142500
149600
121400
293300
95000
121600
127100
125700
109600
189800
191300
135700
146500
94300
182600
309100
123700
101200
154000
106200
99100
235700
173000
137900
132100
172000
104900
98800
128800
87400
96200
156600
127000
166800
100700
150500
180700
188900
96800
95000
93000
243100
145200
165200
148200
153900
95400
120200
99900
176200
155600
102500
160400
130700
87400
149400
211200
135900
158100
157500
119400
166300
131000
112100
121600
101200
97900
91800
119200
155100
161700
132800
128400
183100
136700
139100
95100
154500
168800
121100
89300
113900
102900
125700
95300
127900
206600
166600
189600
192000
212000
166500
105300
225500
190200
159000
125000
95900
164300
159300
126500
129500
182500
162100
108200
124900
164500
159100
166500
108100
106400
98200
90800
154500
154000
196000
100600
153300
146200
131700
181000
129700
139800
155200
93700
148900
166400
95600
153900
128900
213600
141400
214500
167700
93600
142400
94100
154300
173500
162500
125000
93800
261900
325200
206100
213100
261500
103900
99700
109300
164600
152300
147500
193300
146000
95800
102200
231300
118900
97900
141100
131700
179900
168000
144000
95800
113200
163100
104900
114400
183900
159400
196400
179700
134900
163200
156100
174600
194600
165400
167500
113400
111700
99400
102500
171000
135100
108900
98700
142500
165400
124800
161500
161600
156400
163400
184600
163800
100200
131700
121700
161100
171200
115900
162600
95800
203600
168100
163100
174300
313300
386000
384200
340100
198500
228000
332600
286100
291200
185000
185000
201900
154900
130600
117700
126400
165800
145800
129900
151900
174000
126000
109300
188900
171900
133100
169000
167500
106100
164100
105000
107800
162400
130000
179900
279000
262200
300500
304100
186300
168100
247800
201800
157200
161100
101200
123300
333400
143500
106900
101400
146600
147200
204500
103700
111500
170600
249300
188000
165000
202300
239000
158400
282600
290300
190000
118800
218500
163400
150500
169600
110500
267300
168500
173200
183300
112400
135900
102800
168500
351800
177500
126700
225700
134500
165100
177000
152500
148500
104500
99000
182400
111200
172200
96000
136500
172000
141700
113700
141200
158400
159500
168100
135900
177200
175900
104500
188300
136900
167400
115700
231500
190000
111000
111600
137600
169500
107600
122900
105300
230200
191500
181700
131200
119100
105200
110200
122500
174200
151200
99400
135900
108000
168000
174300
278400
167200
155200
168700
133200
96300
109300
170100
96500
118400
113400
134200
173100
118300
138000
158000
155200
115800
108600
168800
107500
138100
111200
148600
173400
153500
134300
165900
176200
122300
108700
148600
164500
169800
105200
100300
133300
126300
196900
335000
253800
233500
190500
188800
116900
191900
203400
103000
176700
190100
154600
107100
188400
193200
122100
153600
196300
115100
199000
165300
196200
219600
143000
123900
256500
155300
162300
128000
146900
181600
179800
131300
175600
111300
103500
232700
113700
179100
107700
177900
118700
124000
171900
113100
185800
108300
131900
112400
122500
130400
104100
153100
141300
135500
175900
179600
230400
207000
181700
143300
139100
189100
351000
198400
215900
136100
106400
154000
129900
183100
180800
112900
141100
174700
186500
149700
123000
135500
147300
109100
164600
175300
180000
116800
433400
388700
271200
195600
285300
247300
136500
259100
245000
119000
194400
163100
186000
147400
201100
120800
143900
180000
149900
116100
124100
174500
198300
121800
101100
112600
127800
106400
118000
131400
146700
118300
119700
118400
197400
116600
154500
184200
308900
354400
313900
244700
202400
185500
209600
152000
172000
134900
175800
281900
198900
161300
175400
190600
124100
170300
174800
206400
148400
229000
189600
230200
128000
119700
136800
263700
195300
106900
183600
310700
188200
191800
224300
214200
174000
229700
166100
188500
217900
129200
308600
128100
164700
211600
257600
137100
189400
130000
147400
165900
117000
116700
126300
184300
182400
182200
137800
122600
182800
125500
133000
153500
180600
163600
121100
113200
121800
155700
128800
113400
150000
148500
231600
108800
105900
110300
162600
111800
109200
179800
274900
140600
128000
192300
202400
126100
127900
160000
273600
126100
167900
141100
156200
125400
107600
140200
182200
169200
143100
229700
176300
128900
121700
193400
182900
129800
144400
117000
153300
110800
145200
114400
122400
112800
143900
185600
182800
115400
122900
226900
113100
185800
191300
204900
143500
192000
173900
242400
207700
130200
189200
238400
143700
126600
116400
448700
296600
193500
120000
129500
298400
135100
111300
162100
177300
197400
111300
236500
151300
160700
189300
179500
170700
129000
128900
182900
137100
191300
183800
146800
139900
225100
232200
199400
136300
177600
139000
155100
156100
193000
184200
286800
202300
273900
175400
126700
217100
156700
151900
249100
233200
200900
116200
115500
206400
194700
173200
129300
120200
179900
189400
131100
125500
147800
167900
400000
360400
215800
144900
148200
198100
132200
133100
194300
175800
123300
126600
200400
194900
202200
165300
140400
164600
195600
127100
335600
466200
459100
347700
341400
132600
293800
353200
243100
207600
180700
184700
132200
126200
125800
166000
129400
193800
219900
146300
129500
185000
251900
197600
206500
137700
117500
166500
211700
164600
123500
192200
205100
180700
215400
169500
120100
234800
196200
233500
197500
288700
216800
188000
225700
225800
117000
195100
123000
161400
162900
128600
194100
256000
142000
189900
197800
236400
174800
194800
151900
202300
139300
130900
275800
186700
160700
119900
160100
196000
202000
192500
264000
142000
124900
129800
251700
139700
197400
139000
127900
166500
122700
227000
129900
162600
135100
226900
169800
133900
137000
202100
132400
125200
125900
211500
233800
201200
148600
128900
165100
131800
166200
330600
259900
142900
132600
218100
235100
187500
208600
131900
161500
139900
139400
213500
217000
182900
130200
257800
139400
200700
125800
145600
163800
163300
147500
340000
210400
125300
123300
280400
116900
157400
133800
144100
128500
125500
154900
163200
128900
193000
216200
150800
425900
391100
397000
262200
133300
174500
262600
341000
193600
272700
118800
158200
137500
153700
153500
157200
220800
488600
287900
157900
214500
220500
217800
254100
433100
260600
160300
275000
235500
193500
235800
255800
333900
263500
126800
246200
169500
120800
138900
180300
192900
116600
132800
132000
253100
138900
210000
195900
119400
187000
138300
147400
147100
175300
129300
147100
176100
202200
150400
208300
140100
173500
141200
130600
125000
138400
125200
244700
245300
211800
185300
216800
191000
222000
213200
166000
168500
133600
164400
142700
125900
121600
121200
208800
202000
209200
209000
213500
137300
160200
221800
204100
163200
204800
160600
218300
179900
167500
131000
125200
190000
128600
171100
140400
200600
128000
203000
281100
199200
138400
183100
274000
324200
222800
192400
193800
311300
161400
285700
216900
153700
252900
150000
173600
134900
238300
133600
177300
189600
147900
136400
141700
193900
165000
186600
208200
130800
140700
208900
153600
218700
181700
202600
348100
488900
327700
307200
260600
156000
141600
368500
274100
247300
152800
395400
243400
224400
165300
305800
136500
241900
156100
221400
185200
380900
286100
134400
142700
134600
146700
147600
173200
235700
136000
215500
222800
268300
240100
223600
224600
236800
237000
230800
142800
178300
213300
225200
173200
167900
191000
156200
144200
172400
151500
151400
219700
140500
137200
180000
168000
161800
213800
196500
208100
233000
164500
139400
283600
228300
191500
276700
250400
137800
145200
196000
238700
168000
219300
134000
138500
144300
208200
195100
186200
213900
131400
231500
144100
181300
183800
139500
211200
227900
290600
237400
327900
157300
193800
233200
159300
143700
223500
131100
155200
220500
223500
214200
133000
211000
225300
164000
193300
156600
249200
156900
304100
457200
189400
320600
340900
263300
219900
166600
152900
165200
359300
215500
178500
194700
228200
180900
169900
161400
271700
398800
348800
228400
215000
207100
260300
151500
140100
151000
281900
178800
180800
233500
275500
149600
271600
242600
246600
267600
175300
153800
172800
150100
202000
183700
140000
166300
208400
143400
135500
164100
147200
176000
178200
145200
195100
216300
175200
213700
190600
139200
214300
166500
136800
162700
165600
147400
213100
252000
172400
140700
209800
199900
209800
177600
145600
257500
244200
224700
186300
162100
208600
167000
264700
148600
144700
140500
151800
192800
140600
178900
256100
158300
162700
177000
229700
237600
170200
306500
510200
637000
246900
242000
288100
351100
287800
238300
211600
206900
161900
187600
169600
313600
259500
290100
214900
166800
180000
161600
177200
191400
145500
180500
728600
242100
192400
266800
157500
221400
179000
152000
185600
221100
186400
182900
172600
250600
272700
245100
167400
185100
221100
225500
155100
301100
228800
188800
408400
271500
166800
199400
423100
496100
164200
184800
381900
269100
205400
173900
188500
154200
172300
190500
219300
157000
156800
173700
222700
166900
188700
196400
204900
219800
150200
150200
169200
174400
223500
168400
219000
350800
195500
168800
152800
267600
177400
192700
190000
352400
463700
209700
243500
159400
209300
154300
235000
156300
187800
246700
152000
171500
219600
210500
155200
221800
266000
188300
218200
233500
379900
272900
193500
154100
198200
207400
222100
206900
183400
149600
148700
164800
199500
228900
205800
233100
193200
139900
195700
207300
309900
317500
223700
221000
158900
179500
212400
168600
220300
230500
168300
257900
178800
171600
143000
163600
316600
152200
207600
157300
276700
215600
244100
176300
406800
364700
155200
194300
242300
182200
226200
189200
245300
171800
230600
261300
190800
224800
233400
172000
203100
180300
214900
249800
201600
216300
239400
254300
188700
165600
163900
165200
168400
182300
271600
213200
237500
170100
173800
150600
186900
163300
148600
225100
153400
169100
226200
170400
164600
338500
153500
245600
263800
241100
177500
176200
155400
151300
178700
158500
284100
266500
182500
236300
168400
244000
251900
174300
207800
193700
147900
224300
155200
146600
290000
194900
173600
233900
294200
199600
185100
419500
241400
167900
239500
275900
179700
149800
177400
500300
168900
587800
344100
209900
159100
296800
237400
214500
189500
175700
220700
185300
232400
170500
296800
432400
167800
174400
222500
224200
238400
292800
230700
334700
191300
193900
168700
182000
187600
180500
360800
467600
375500
279800
271300
242300
213800
182700
168700
187000
263800
260500
228600
277500
190200
226600
176600
157400
231200
286600
300300
171200
247900
317400
413500
244000
248900
160100
171900
257000
197400
237000
199200
234800
225500
261900
205100
291900
288000
255400
223700
166000
195600
207200
218600
219600
236300
217100
176700
189700
172700
186300
173800
259900
226600
185700
236900
301600
246900
188200
243100
271700
309000
266100
208200
194400
168800
242900
192700
266200
160300
184200
248700
307500
209300
240700
264400
204300
154100
164500
240800
242800
219400
250900
213300
157500
318200
158800
275600
286700
294600
301000
197600
257200
187700
193200
252700
323200
339100
157800
179400
219200
209700
199200
313500
215200
320700
288000
255700
337100
310400
317500
162800
265900
361200
196400
219800
189700
174600
179000
255800
249600
211400
217900
191000
224000
197800
261000
265600
307300
254500
185700
198400
249900
206900
160500
251600
218000
175700
246300
178100
228200
254100
266000
167600
247600
245800
269400
273200
203300
218100
260800
184000
214100
240000
289400
244700
204900
183300
284100
255700
283900
281100
293900
190600
193800
228000
273800
181000
294200
288000
216300
185600
264400
163900
198500
191100
186000
298300
203000
191700
334400
160300
177000
273800
297900
252400
574400
411400
173900
287900
303700
306500
206500
228700
207300
169900
227800
273500
188700
269300
175100
392200
640000
644100
185800
293600
163300
229800
280700
415800
497400
568500
401400
199900
280800
201400
203500
238400
196600
190300
199500
227400
242600
185300
252500
223100
221500
253900
271900
256300
369100
193800
278000
422400
288200
187400
283500
201600
184000
263600
175100
204700
194700
188300
205900
262700
223600
211000
203000
249600
248900
244000
189200
222300
168400
216900
193000
202900
301200
275900
266500
314400
214100
251600
275200
434600
239100
184300
212100
209600
200400
250800
229200
170900
205100
198800
161300
164700
257900
169500
163400
167500
195800
277700
275100
183100
191700
183600
179600
200100
210700
188300
204400
216100
282000
176900
217700
393800
223700
193200
198200
189900
197500
175200
286900
199600
167800
164900
257600
207900
239400
293500
179100
227500
162400
196500
275900
182900
234100
175800
245400
272900
262300
425500
290900
321100
216300
157800
269200
200100
182400
221200
219000
309800
233800
362000
194200
162400
203100
198900
193500
239800
187100
184400
343200
423400
268900
187700
267800
228000
176400
204900
282200
162500
211600
220100
179600
168300
192200
189700
162200
274000
175800
160400
243600
200300
179900
257200
224800
177500
179400
283700
292400
267200
302600
253200
179700
230400
241400
289900
172300
212600
227600
223000
164000
163000
269200
208100
222100
232300
175000
469500
196900
277300
221300
179100
247400
225600
167700
170800
188900
201700
277900
194300
184400
190100
266100
218300
202800
172000
44200
43400
48600
55500
47700
47800
47600
54400
49000
54500
46900
49700
47400
52100
45300
39800
66300
43700
46300
53800
68000
55000
53700
44000
47900
87200
67500
51400
47600
45700
49800
60700
49800
45700
63500
55800
53300
54200
63500
52800
56400
66500
69900
51900
57600
52200
50700
57700
56500
74300
61600
56000
57800
55500
59800
74100
45400
57000
52700
58800
54300
61400
59900
53200
53700
71900
58800
60000
57800
65700
55300
54800
94900
60100
56500
72000
59600
58400
61700
57500
69500
60200
63100
72800
56800
76800
59500
54400
58500
53200
54100
68300
73100
49700
52800
64400
80900
54500
53700
57600
60300
75700
74700
52300
62500
62400
58500
56700
63500
59100
68100
65500
63100
54000
55100
56400
56500
61100
57800
67000
55700
57900
66300
69800
65300
50400
55400
58900
58600
68900
72500
53400
67000
68500
89500
49100
57800
58900
70900
73200
79200
69700
65300
59400
58900
62200
54300
69800
89700
80000
65700
67200
74500
66600
64200
87900
80000
83300
73300
69300
72100
59200
90600
78300
71200
92200
72000
78300
58600
54700
51800
56800
73900
70300
91200
70000
66900
59200
80400
63600
81900
61000
77500
93100
62800
79300
85200
57100
63300
60200
78100
89000
85100
78000
50400
76700
73800
80600
62500
60600
73200
63800
67100
66500
60100
60900
58400
64500
65900
79200
69300
115700
79700
57700
56400
80000
70100
75200
66500
69100
80500
70400
56700
67000
95100
71300
82900
66500
62200
75700
63400
80700
77800
67700
67600
60500
53700
72300
80900
63200
57800
67200
57100
63400
80800
74100
87000
83800
124100
79500
68200
62400
63700
65700
69400
62200
74400
66300
58800
82900
65600
77200
81700
73800
65900
78600
57400
69000
67100
66100
65100
87600
63500
62400
65100
67000
74300
99100
86500
89900
70200
74300
81100
58700
71700
61600
64900
95200
90500
96800
89000
72500
65400
60400
85400
92200
74000
91900
63600
82500
77100
107300
77300
85000
73100
86600
67700
82200
73700
71200
70100
68300
72400
69300
83100
55700
77800
73400
70400
66600
67700
87500
82500
61900
65000
85000
74500
60500
116100
71900
70100
85400
77500
99000
76100
75100
59400
68800
76600
53100
76900
80900
72300
72600
91500
73900
70600
78400
74600
82900
91300
72300
75100
91500
114600
91400
73800
72500
69500
66500
83700
89600
130900
95200
109500
70900
81700
113300
78600
104200
95600
75700
88500
76600
84900
67600
89500
75700
93300
75400
59100
81800
84200
82300
85000
73200
97500
116800
74700
72800
66700
72200
71300
74500
88900
92800
64200
84000
79100
83400
97900
84900
71800
72300
59500
74200
74400
82600
71000
98700
61200
73800
61500
72900
75500
74800
73100
75100
85200
136000
103600
65600
86700
106800
93000
105800
102300
86300
69900
92100
99600
102200
73500
65800
63300
72900
77300
79400
66900
103800
70100
85100
80200
78600
73900
77100
64500
72500
112900
95900
88200
70500
96000
70100
62500
72700
72700
90400
74900
88800
79200
73800
71800
78200
74500
81000
89000
70300
74500
74600
74600
83900
91600
75600
72200
101100
61300
73400
70900
77400
74800
85600
65600
68300
74400
66200
74200
77900
80400
70800
131700
105200
99800
141300
133100
74200
143700
106400
139200
100500
99000
95100
109000
97400
93600
110900
86900
79600
68200
103900
80600
79300
94600
91500
112100
101800
90800
94200
77200
62500
79400
72500
81400
92900
107300
130700
81400
96000
139100
88500
86400
100900
92700
113900
160200
93100
90200
82400
93700
85900
91600
83300
85700
92300
82000
81800
100800
88000
105800
120800
90100
94600
82500
102400
106500
68900
95900
81200
86300
80900
102100
83400
100700
103000
87900
67800
119200
106900
82700
97000
89800
109500
102600
85900
68500
102500
101600
92500
83500
118000
98400
65300
87200
67100
90700
82000
81300
103800
100200
103000
80200
72200
78400
102700
69600
98700
92500
104300
71400
91500
85500
79000
83000
86100
83400
103100
98500
80700
67300
78300
98900
99700
66200
81400
76900
71700
81900
71100
91700
79200
120400
75500
94900
93700
84300
81600
72700
79800
87900
68900
94400
106500
112200
105000
77500
82900
92400
89800
87500
86500
86600
106800
102100
104500
111100
82700
84000
78800
112900
128400
95700
105900
90800
79800
95900
92500
128300
122300
144200
99800
98500
127500
107100
133500
95300
70900
87200
111100
105000
95100
84400
96100
112400
90900
93100
133900
76200
100100
135500
110900
102100
105700
85600
144600
174600
121700
106600
97900
108200
71000
90600
88100
83300
77000
115000
87800
90500
89600
116700
89500
79300
75200
72700
86500
108600
93600
87300
72800
101500
82100
88000
120400
95200
88000
98100
114600
95400
87800
92800
101600
95100
88900
95400
72600
85100
98100
113400
95900
81100
119600
93500
91200
91000
94100
86500
89800
111300
115900
114200
78700
102800
114400
91700
100300
88400
93100
88400
107300
113400
97500
89800
109700
74500
76800
94400
108400
108600
186400
121100
98400
93800
103400
78700
106000
112700
108300
132600
96500
112900
106500
141800
137800
162200
137600
134600
76500
85900
78200
81300
89200
96200
79200
137600
139200
107900
91000
118600
79000
78800
148600
127400
89800
134100
174200
125600
143500
146300
169600
157100
146300
98200
145300
118800
110200
101300
124500
107600
120900
97300
120400
128700
104600
121100
94200
117600
100800
97500
88300
100400
101400
117900
102500
102300
81800
90700
101800
109700
94800
77700
97000
95800
96900
102100
158300
100100
111100
131000
98400
125200
97400
120100
102400
123300
106800
93400
104300
133900
102400
110800
133600
101000
78600
108300
111300
102300
91000
123700
114200
80800
97600
119200
129700
95900
116400
99400
79700
116300
128700
136000
130200
105000
104400
127400
126300
132500
104300
95200
122200
97200
75500
145100
122300
106300
108500
105800
133100
130500
128500
132200
118700
69900
102900
95700
89600
154600
151800
178100
123400
135800
99900
106500
112000
110900
115100
112200
189800
166800
158100
96800
157500
167700
158100
103500
112400
170000
137400
179000
135300
87200
142700
111000
111200
171500
144600
143100
117900
153800
141100
131100
143000
128800
103600
133800
137300
72800
164700
97700
102100
108400
76900
109700
105100
100400
116100
126000
79600
135400
142900
138100
94100
137200
99600
132600
99900
98700
79200
105100
77600
77800
114400
122600
141700
134700
94700
88400
87200
109100
141600
104200
163100
80800
142700
94300
116100
153800
116300
110100
146100
147800
125200
121700
137600
74400
133100
128900
97800
139700
106500
81900
120400
74100
121700
119700
87700
137800
160000
145600
80600
102400
146000
141500
135800
96400
79500
124900
91200
86900
101100
80000
173300
147500
144400
109500
144400
138300
90400
133200
82200
223900
162200
129200
118500
82800
163200
80400
87800
149300
157400
131200
82300
184600
83000
121900
143800
142200
176200
155800
89500
84400
102100
111900
96700
88300
116100
97000
143600
89100
99700
107000
136000
142500
193900
176000
224900
138400
88500
92100
102900
160100
170900
139400
91600
148800
120100
111500
115700
122100
109200
92800
106400
109100
112000
112100
95400
137600
109600
120200
150800
161400
142500
181800
179900
157000
104600
136400
104800
103600
92800
131300
111600
107000
117400
90000
109900
137600
173700
138400
127500
99700
128600
100900
112300
121900
113200
220800
191200
201400
128200
136100
134000
108200
117600
114200
93900
121700
94500
91600
114500
147800
122100
111600
125800
96100
111100
115400
113000
104700
98300
103200
158400
110000
90800
109200
136600
116200
106700
123100
114700
91600
105200
121700
133300
133200
114600
99500
111000
94200
133200
127200
121400
195700
158500
97800
143200
103300
97900
117500
141400
88300
137800
97300
103000
140000
160700
104200
101900
101100
137300
145200
128600
119000
143800
123000
131400
135800
160900
167100
152200
159500
107700
129500
97600
93700
113100
100900
116500
144600
179100
115700
93900
131400
104500
101900
149400
91600
138100
118700
133200
130200
121400
120000
110600
127700
136800
118400
132600
141300
118400
105400
144400
113400
107300
118200
90100
111300
139000
91200
178400
111500
159500
113900
149000
94800
151600
157600
144500
85200
152200
155800
112600
87100
97300
138900
162900
164200
94300
123600
177800
165700
159900
154200
157000
104800
90000
105700
142700
132000
113000
167900
118200
107900
111200
126900
174600
139700
144000
126700
137900
99100
115800
166100
213900
174300
222100
161100
130300
121100
131300
129900
144900
94600
183400
177700
178200
176000
106000
145100
96000
216200
169900
140900
128500
291500
237100
168700
138300
186000
161400
125800
133200
147300
104600
121300
163100
165600
156100
177100
176800
135700
100200
197300
241100
161700
169200
162400
193700
103800
132200
130800
121700
140300
134900
136900
145900
121300
150800
142200
118400
116800
100600
108600
177800
116200
152100
121300
155600
172200
147200
131000
147200
127200
148900
104200
110000
139300
103200
141000
162300
135400
152400
106100
140100
114900
150800
99600
114500
100000
138900
169300
104800
128400
126900
138000
129500
125600
116400
153000
145100
150000
138600
123800
147200
124600
112200
152100
108400
116900
101800
104500
162400
119200
132800
143200
130500
152600
130800
143300
160400
135300
233200
176200
131500
142000
144000
139100
127300
135600
162600
152900
144200
179500
120000
174300
128400
116200
175200
248400
217600
137600
125300
136000
157900
166200
160700
161900
160800
169700
130200
131900
164200
101900
155400
135700
173000
142600
157700
141300
165500
151500
147000
113100
138000
122800
158500
146800
124600
131400
107600
201800
120400
132500
141500
105500
131400
150800
142700
109600
158400
152100
102600
150000
122200
116500
137500
160200
132500
158100
169800
106200
106000
120000
123800
180500
108500
118500
179000
120500
125100
105700
196000
176100
130100
135100
177000
183200
133600
175400
178200
184600
155600
230100
196000
110500
157200
150700
176200
139800
103900
184400
107300
179600
232000
134500
176300
225300
187700
237700
225100
234400
258500
286100
116900
251100
243500
246000
176800
278200
361400
308800
237900
167300
151000
198400
249400
136900
182300
188700
183500
148000
167600
177400
148700
208700
227400
176300
133200
133200
229100
143500
195600
247700
252500
171600
136700
148600
213400
203600
155300
162000
154100
178800
152900
145000
185800
164300
153800
114500
182300
133300
150300
288400
293200
273800
301000
202700
191100
125900
138500
203600
192300
155000
184600
181400
141000
156400
126000
130400
170100
122900
124200
179100
154300
144100
142300
145900
146200
147200
202100
184500
183300
127700
165200
129000
148100
161500
124800
142800
155100
166600
180600
144300
144700
159900
173400
153300
176000
151800
147800
139600
233500
225500
163100
170800
184400
124400
136800
142900
146900
153000
156500
130100
146400
169400
112000
133900
188600
158100
220400
154200
173600
234400
209500
145900
142700
167300
177500
179300
118200
156000
178300
149600
158600
167800
175000
141900
168300
207500
225300
332700
169200
112800
117800
146000
152300
167900
166300
291800
297200
121300
177600
150000
130500
130100
227900
160500
151700
158600
186200
158300
138500
205800
146200
127800
172900
213700
142200
120400
151300
158900
114700
112900
246900
168600
183000
115800
113800
108500
143700
157800
205300
233600
207100
207100
255000
122100
150500
158600
179000
155300
230800
182500
131100
142600
135700
172600
117300
142300
177900
178700
136900
164100
229400
124100
117400
203400
197100
142300
154600
147500
172600
152900
318900
313800
258900
204800
206000
177800
154000
161300
189600
160700
161100
179500
175400
170800
157500
154100
177100
120800
132000
144700
164000
156700
181400
176500
194800
144500
156100
276200
143500
146000
174500
244600
213200
184700
231800
251400
159600
225000
326500
256500
271100
196100
236700
314200
355700
274400
231800
232800
181100
260100
531200
231900
271500
277600
330300
239200
372400
186200
148200
312600
206800
245200
211200
239400
287900
243600
145700
161900
255100
214700
365900
380900
373700
279600
260200
334700
290600
255900
310800
160400
148400
295400
141800
198400
305200
281200
170700
376700
245200
208700
196500
330400
214100
221700
294100
132900
173500
374300
260000
194600
157800
227600
208800
296700
254900
141200
155900
310200
227700
153300
310600
191500
253700
277600
178900
236000
298700
261100
140900
260700
187300
249700
217400
264600
237400
197400
231500
257400
306400
299500
287900
271900
213800
218300
153500
333700
294300
183100
277600
233900
336800
292400
271900
293200
300800
280000
142700
156100
134700
322300
235000
328300
276100
290500
168200
209700
240900
173100
180900
180100
288800
170800
382500
300800
230500
357600
385400
258200
321700
274800
292400
186200
176600
241000
156500
148000
173800
184300
199500
180400
184400
304300
304300
275700
278400
239100
214200
202700
219500
134500
169600
134600
180000
172700
192100
214200
192600
172900
164000
150000
187200
146000
175000
143100
140900
129500
144300
194300
189700
142300
181300
172900
128200
225800
180000
135100
172400
202000
184600
199700
162200
128100
188000
169700
221600
175400
173900
197300
158400
151300
159200
181800
263900
149400
139200
181600
174900
147800
160500
207500
209900
150200
201800
187200
361500
162600
136500
200200
172300
133700
186500
215300
188700
316500
247300
132000
276700
265900
348800
206700
226900
195500
237800
187000
173900
171100
238200
436000
382500
273000
340300
295900
450700
243000
397500
173600
291600
553600
349600
422900
391100
350900
354200
325300
294800
293000
341600
200300
248100
293600
325300
264800
242800
197800
164600
246300
211400
235100
215000
273300
231400
210100
270700
277900
200600
201000
192400
210800
208500
229500
235000
163100
180600
188800
192100
331100
180600
202700
218100
172500
266100
294000
162000
223600
170700
388200
416500
400900
213900
245200
247900
338500
254200
392800
257600
169400
272400
240500
175400
199700
183900
218200
444200
304400
347500
202300
336400
295200
307900
382600
339800
387000
388600
388900
393500
229100
224600
260800
304400
221100
310700
261200
272800
308000
322400
266600
316900
414500
339300
188200
171400
381300
323000
241200
212300
416300
304200
404800
313900
347800
372900
392800
393100
414800
207000
393500
160500
396300
363000
245100
284500
210800
298700
360100
323700
400500
333800
396100
228300
392200
415800
360100
252500
436700
374100
266100
280800
446800
674100
246700
268400
358200
432700
515400
208600
357300
256800
382200
574900
626600
605800
382400
395800
270600
435600
454900
537400
377400
406700
431600
427700
332900
265300
502100
173500
396200
220800
314400
367100
391900
318700
321800
266600
214400
378600
294400
190600
232500
195800
364500
224600
363100
239300
214000
183400
179900
190200
526600
225400
249900
479300
460200
261300
470000
169100
446200
446900
244900
216100
170700
291100
315000
379800
317500
312600
243800
322000
237100
270100
225400
225200
198900
213800
168800
178100
177700
178900
243000
183400
163400
195700
193600
180500
280100
250400
238300
241500
307100
246000
250500
287200
248000
282200
245300
289200
226900
183000
276900
390600
382200
372000
233500
325300
323400
351700
148000
399000
421600
210400
218000
249800
371700
277200
228800
545300
263600
319700
434200
483600
502800
318300
514300
394800
224100
225400
247200
244300
391400
434800
399900
351700
154000
158000
330000
491000
446200
417800
179400
439700
419300
403400
436300
401300
432200
419000
172600
449400
403200
170800
513600
327700
240900
459700
168400
162400
204500
240600
470300
400400
157900
433500
433000
169400
410000
234400
354400
410700
161600
196800
162700
236500
286200
183800
318300
192500
171400
243000
213000
415400
160700
172100
272200
245100
238700
259500
287000
156000
156800
241600
158900
455100
161700
158700
327900
284400
238100
154000
293500
181400
240100
471300
405600
251800
299300
194200
158200
422700
155500
478200
151800
250400
327600
165600
212800
146400
386100
288500
307300
439900
264400
346400
159800
261900
340200
206700
418800
149500
336900
166100
244000
153500
155700
200100
156200
399400
152000
152500
346500
185900
150900
274100
152200
318000
154200
287000
463100
156700
399800
243000
211600
441000
154200
386300
168900
152300
223600
228500
431500
350600
248200
179600
347900
160500
155100
396600
268800
303400
316700
369600
259000
250700
155300
258700
286900
245500
397800
181300
232300
507100
308700
283700
244700
312900
270400
192200
263800
152200
261500
256300
162000
340500
289600
384500
409000
270200
244400
264000
394800
276300
152600
309800
603900
432400
293600
443200
384900
149400
420200
445300
391100
337100
336800
245700
236100
443300
282800
241600
255400
156800
237000
249100
298900
437000
194700
217300
260100
222500
456300
261000
425000
381800
150600
221400
268100
150400
145700
142500
299500
146600
221400
228000
448500
266200
473000
282900
315500
1397600
170200
321600
583700
731700
463000
2512900
553700
636700
474000
317700
370700
286300
474300
177800
404100
258600
348700
454300
462400
194000
403700
178000
251800
182800
170400
166100
231200
384700
187800
234200
183200
175400
214000
396100
308000
265400
466000
263100
223200
177000
238000
285900
444000
178600
174000
199200
172800
230300
472700
452600
322200
280900
509800
546700
356800
1008000
523100
510900
495700
520800
621100
687400
222800
665000
204100
777600
181900
412100
481000
525000
708700
547000
489400
189500
286200
330100
538300
543900
519200
509200
484000
472800
456300
569000
280700
472900
562400
181700
190200
351700
453200
551900
542400
616300
200500
198300
208600
214700
333100
311700
423700
205600
497800
252400
454800
447900
644800
743000
307800
514000
264000
598500
248100
257100
562600
364700
216600
330900
214600
544400
538600
561800
740000
624200
546900
323200
216200
225600
213000
229900
644700
243400
530800
212300
216400
518000
567100
502200
212900
289700
308900
