43600
33700
158000
11700
39100
145200
25000
25600
8500
35500
275700
38400
220500
43600
22200
136200
56400
73800
149200
94400
158900
4300
179100
202100
78500
42700
68700
45100
31900
32200
25500
129200
217200
16100
15700
45500
11300
90500
57200
23500
169500
51200
86000
55800
10800
37000
47500
46000
109000
12200
208000
22200
43500
244200
50500
48100
15300
51800
45500
30100
177900
80700
43400
198500
292600
47800
9300
28600
147400
26700
273300
190300
44100
44400
309200
50500
160500
32600
159600
14900
14500
11900
43300
317000
4100
37500
45900
389000
248800
213100
28400
31900
112900
203600
79900
54700
53400
300000
110800
70100
10600
205000
40100
6400
336000
34200
290200
8400
32500
4600
78000
5300
49200
20000
19800
15000
31800
28800
30600
3000
341000
77300
23300
54100
30600
35200
41000
54600
43600
50300
246300
22400
152800
26300
188200
270600
20100
51000
48500
48700
193100
27400
300800
133800
32700
250000
146600
11700
59500
13900
22300
127900
32500
133700
33900
77900
26300
21900
208400
104000
35500
120700
32200
10700
314600
4100
15000
35800
134900
14500
21200
9300
286500
27900
41300
85900
37700
54100
100900
95000
39000
24400
13500
100500
62700
33200
223000
9600
7000
44500
29800
318900
9900
46700
243000
273700
34200
242200
89300
11600
288200
36200
9900
18600
16100
12000
33400
36500
16300
41900
303100
29200
35700
254200
42900
3800
49200
7400
147800
260000
27200
5800
208800
13900
28900
8300
258500
72400
37600
7400
259100
236100
4300
82100
37400
47300
207600
144300
275100
51400
41200
163500
88000
87400
188100
107900
21800
228200
34300
64300
14100
28200
17800
45300
38900
46800
114300
25000
52400
49100
306600
131200
178800
6400
4300
27100
77900
34000
270200
13000
189300
35200
18200
10200
36100
47600
72000
132400
1000
183800
154400
48900
175700
37700
24500
4000
37800
206800
297300
47100
255500
40400
29300
45400
37700
14500
43900
2100
4700
19500
9600
33300
37500
33700
33800
31400
122400
20700
290600
24700
98800
38100
291600
40800
27600
11700
11300
7200
50900
41800
48500
41300
11400
32500
41400
27600
12700
191700
5900
13100
225700
228500
1200
14100
44200
16700
134500
44200
7600
22400
90800
49900
151600
13300
162100
55300
43100
31300
37200
26700
115800
34300
35300
39600
12000
21100
235500
48100
3900
267900
61700
105200
43600
21600
12100
240200
27400
38100
27700
305700
14700
11400
307700
123600
41600
28100
46200
84100
2600
94200
13700
33800
51200
76000
8600
10200
51200
38900
40500
116700
44500
151000
27000
39800
35300
44100
9700
41800
41200
48200
179200
280800
248000
47000
6200
127900
41900
58700
34700
600
1400
64700
35400
116900
36200
2600
129300
219100
231500
17300
1600
7200
3700
316800
199800
3000
140500
36600
77100
14500
18600
11600
214300
23000
29500
13500
48800
35900
96400
8200
134500
16200
85900
27900
164000
37200
185200
280300
29400
40500
6900
45000
35900
121500
2800
48100
18700
21300
31100
40900
43600
178800
35500
214100
2200
178500
26900
280300
41300
5900
39200
37200
42900
41300
204700
59000
23500
46900
22900
8900
32300
19900
237200
32100
44300
11500
32600
23300
26100
28000
54500
25300
16000
80000
49300
15400
118900
42900
173800
222800
10200
290300
32900
23200
40400
5600
3700
128200
8300
15300
11700
258300
30300
79500
81800
39200
30600
45400
42300
32900
49800
18500
309800
2200
39900
31500
315500
2900
26900
40800
45500
4700
217900
44100
22100
47000
17800
110800
46900
25600
310200
141500
3800
259000
5500
279300
169900
10400
6300
51000
31900
40900
92900
155400
29400
110200
55400
5500
1700
319300
12600
31100
44500
39400
21600
3500
27800
6600
47300
40700
39200
62200
10900
22400
50800
34700
29500
48100
3100
174100
1700
47500
253400
34600
308100
7400
7900
226700
60800
21000
35300
36100
232800
267700
46800
139100
37500
18200
24300
40400
43700
225700
30200
39400
31200
61400
208200
36200
31500
200100
37300
6800
159600
7200
13900
11700
102400
38700
47600
31000
38100
25800
332900
192200
80900
30200
3100
35900
14700
25700
317500
32400
23900
4100
302800
277700
24400
45900
204500
51500
35900
13200
36000
249400
3300
103600
21700
32300
116500
33100
60200
10700
29000
129400
36800
42000
134400
30000
46800
36400
36200
261200
87300
179400
255100
23400
49800
138100
46500
106000
30300
29300
38100
9500
50200
78700
187300
21500
54300
7700
293700
48800
30400
51900
233600
125500
199300
30600
19800
35800
36300
13600
71800
245700
295100
11100
7400
10000
33700
22700
275400
16100
28900
41600
15200
229900
22700
14300
110300
2800
29700
15400
9700
317700
17600
41900
16100
700
16400
314800
44000
305600
27800
111200
19800
6100
75700
240500
48100
168500
50400
17100
202900
152000
5400
45600
212100
105600
20000
150000
254800
114300
45900
11600
5700
303500
31500
39000
108700
42700
14300
310600
31100
13100
29600
194400
39200
8600
218600
104700
155100
17200
20800
74700
21000
38600
10700
44100
44700
216700
8300
15100
14500
106800
272800
32300
284300
22500
339900
42600
63500
5800
93500
109600
105400
122500
220800
40100
40900
900
22700
41700
284400
36800
42300
120500
16000
49900
42200
15200
28900
48800
24200
11700
35200
6200
31700
41800
49700
23800
13900
26200
9000
19600
15400
35900
27100
5800
3700
222900
184600
96300
275900
97700
38900
15800
19100
317700
168100
7000
285600
126600
78100
230300
5500
5300
30400
8400
7200
25300
34100
2500
105600
36000
122300
11900
94900
40400
41900
47600
93000
316500
2700
25100
23800
31700
288300
34600
303900
18000
24300
109500
78300
175500
27200
37300
27700
32700
37900
35600
43700
31700
25100
34000
211600
40900
168900
39600
234700
53500
35700
40000
25600
101700
51800
28900
27200
11000
9700
40600
18600
1600
6300
11000
245700
3200
271700
24700
33200
6600
162200
54800
38800
46800
6200
40300
24000
82200
116900
47000
38400
14600
2700
17200
15200
246700
70200
22300
40000
34700
26400
25400
38400
51200
48200
1200
11700
27000
215000
1500
58400
11200
14900
16200
324700
107600
17600
25900
136900
179000
30500
56000
9200
46200
9800
31600
186600
7300
31800
85100
28700
217900
30300
45500
37300
2400
2100
170700
37300
109200
39700
23800
42100
30400
288300
11600
31500
92000
33000
84300
194900
64300
48300
181300
46600
17000
50700
34700
33100
11400
2100
3400
88200
37900
37200
42100
30500
28500
13300
28000
2500
322800
29100
1400
59600
40300
5600
124000
8400
124300
55600
48700
154000
272200
42600
2200
14200
42600
45000
213300
1700
9400
37700
6000
37900
23000
31900
28600
66600
63900
4500
28400
89200
21700
22800
63000
8000
63800
52600
52600
66600
21100
70100
2200
38100
2300
50400
2700
77300
38000
71100
75400
52500
57100
2700
48600
20400
56200
10800
50900
66400
45300
9100
26600
4500
66700
51300
46500
44000
21900
68600
61100
69900
29400
55400
27300
15700
26900
69800
44200
19800
6600
58600
5500
29500
48900
43300
28100
43700
37100
13700
28800
49700
55400
65800
14500
64500
46200
66500
65400
58300
1500
32800
50600
12000
8200
51300
66200
31400
43400
47700
42700
34600
67900
46800
35200
39300
21900
11200
8000
3700
83100
4600
64500
55100
41000
41400
29500
61300
17400
42900
54900
30800
12300
40600
38600
57200
62100
57900
54800
1800
63900
13300
70200
48900
48600
35500
69300
58400
43100
76000
24500
3100
30400
60100
7100
17200
59200
27400
39900
21500
11900
7000
64800
37100
19000
39000
54200
6100
52800
10500
61700
9400
36100
49200
24900
52400
2500
23700
36800
66500
55700
19600
27200
54100
3500
37800
53100
59700
15800
37000
17500
12800
49700
69200
58000
61500
72300
4400
10400
5700
21500
60700
49800
54100
28600
55500
35100
92600
47800
28800
79200
22200
71400
33100
23900
16100
46100
41900
23600
58000
40700
58300
17600
63000
24300
8000
27700
15700
1600
70800
122300
16600
37600
15100
41900
24200
45100
39800
56100
31500
26900
74100
3800
58500
41300
20200
59400
41200
54200
57000
51000
60600
23700
52900
92900
14900
45000
13700
7000
69900
18600
34400
69300
73900
27500
24600
16000
1000
24400
64700
6300
25500
13700
16700
5200
52100
52000
62500
38600
15800
10900
2200
11800
21500
5000
1700
50200
24400
23800
58700
103700
41500
57300
109800
47900
54300
29100
63900
54100
14100
52200
35800
44200
39400
41500
32700
38000
44500
69700
11000
51700
3200
1600
67700
63000
54100
2100
69500
40500
10500
71600
35800
60500
46900
2400
23200
52300
64700
48400
33200
49700
30400
67200
32100
47500
48900
50200
53200
6200
40500
60000
49900
26700
58700
73800
70900
19500
49900
57300
40600
5100
21100
59500
4300
15200
26400
58700
51400
34800
13800
74800
52600
37300
12100
22700
15200
50000
58300
40600
34600
29300
42200
30900
52600
19800
20500
34700
63200
59100
43900
51200
9600
48800
75400
9000
11600
30200
55000
64900
46200
61600
87000
8000
69800
71200
32400
51300
7300
60000
37700
32000
37000
61900
287000
54200
67200
17100
7100
57500
42000
60700
33800
67500
3800
27000
55500
20400
18200
25700
25500
65300
28600
9800
55500
40700
70500
3000
60100
67300
8600
23300
9600
14200
18500
56000
49800
60300
44300
73900
30700
71000
3400
59500
11700
34200
33400
57500
42500
5700
40100
10800
73000
25800
38800
64200
44000
28300
17400
97000
32200
56900
18900
64100
58000
42600
3300
3500
14100
48400
67800
67800
53200
54900
31800
31200
37300
14100
44700
33700
54200
72800
7600
21500
2200
11800
3700
70000
30900
25200
52600
47200
84100
67800
52700
57500
10200
24300
20400
63200
1700
52600
7200
28100
18800
50900
11000
71500
59800
13000
49900
29300
75600
30500
28100
60600
45700
46300
56000
37800
6200
34300
12200
61900
50600
65500
81500
67200
55700
18800
11800
66500
68800
44100
62300
39100
35800
74400
56000
27800
56100
45000
5000
15600
43200
29200
89200
36900
62200
37200
16700
21300
61500
5200
4200
69200
55800
10800
53100
7400
63800
37100
8600
4800
71200
20400
39300
27700
14200
50700
48200
74100
50000
5100
10800
60100
47300
33200
43600
35400
37100
58800
21600
11600
68600
46500
30200
46400
69800
22000
59200
5100
67200
64600
57700
9400
79300
65700
5000
61800
26300
82000
22200
38800
37800
17000
30500
49400
39100
17400
28300
55400
57600
40200
16000
69600
40700
7700
9700
35700
11800
6500
28000
59300
14400
41400
2800
64800
50100
7500
52800
53100
36300
32500
86600
76900
7000
12200
46300
66000
50900
21500
46100
49700
63600
30100
76700
55700
32400
61200
29000
32900
39300
51000
33800
6500
75200
21900
66700
6600
31200
63700
9700
24700
41300
15400
62200
102400
79300
59500
12000
39500
66400
60900
49100
85500
47400
128700
23300
24700
75300
43400
43200
58400
35700
35700
32600
42900
24700
71000
65200
66000
24600
48600
4200
54700
54800
2400
53800
57600
55200
46200
50300
63800
72500
4100
21300
45600
47400
20000
52600
61000
51700
56900
17000
36100
49500
700
54500
2500
36400
66400
67600
48700
48300
59000
64800
84600
54200
17700
46600
48700
47300
10700
73100
16600
15800
53500
16600
69200
77200
45400
28100
42200
64800
68500
54100
46100
5300
79500
47200
70900
33000
22800
48400
74700
73200
36800
54100
10600
55500
81400
67200
28600
54600
10300
46600
60000
78400
52500
70400
41100
11300
54600
35400
18900
63400
65800
36700
55600
39400
51200
49400
67000
31200
22800
22700
60800
65300
3800
4200
19800
20200
70500
35800
61500
1400
37300
15800
24200
14800
28100
10000
26500
35900
6500
17500
23000
86700
43800
65100
46800
4500
5300
5900
76900
1700
21000
49900
31500
3800
61800
9900
700
52100
24400
8300
36500
29100
2400
19400
1800
67300
14400
81500
40000
42800
71000
29000
31500
12000
6800
49800
54700
65700
15000
6500
37500
20500
57500
97000
4200
69600
33400
60200
19100
53500
22500
59500
70000
4900
36400
66800
75500
32600
88400
38300
44900
38600
26300
40900
2300
19900
33900
39300
38900
37500
54900
2100
37200
58700
7000
3800
60600
35200
39300
59400
56700
45800
34600
33300
35100
21700
63100
41100
49500
34700
45000
56400
46400
53900
40400
51100
12200
13700
60200
1400
33400
34300
36300
50000
26600
46900
38400
31900
27000
36200
16400
13500
59900
69500
47500
35200
22300
14500
20600
47400
32700
37900
22100
21000
59500
58200
29500
53500
36600
40100
37300
27400
39600
57400
16100
20400
13400
49200
1900
60500
33500
15300
52800
37300
48200
7000
41300
20100
35100
33400
29800
38100
27300
25500
11400
7200
6600
33900
46100
20800
7400
13800
22800
53000
1800
48200
26900
9400
31500
66600
8400
34500
67500
64500
10600
45900
113400
16600
51700
8200
61700
27400
42100
24000
37300
35100
64800
2200
33000
14200
44000
55900
61800
5200
62400
26800
73500
45600
4700
44100
68300
65800
22400
70900
1300
38500
16200
27800
63600
40300
58300
51300
57600
44100
4000
41500
68200
10600
71100
20500
7900
13100
24400
51800
63500
7500
78700
61900
46000
31100
21800
26800
21000
53000
46300
67000
41100
31500
31700
38200
59900
30500
56700
4100
6300
24100
62800
38100
39400
41500
37200
37700
24200
17100
43500
10100
49500
56400
38200
29000
58000
51800
36800
45800
19800
48300
62300
50900
60100
73500
1600
54000
59700
63700
21200
32600
58100
45200
15300
76200
1000
18400
56300
76100
29800
40500
9700
28400
31100
34500
16800
16200
49700
77700
59900
68300
53400
16200
30900
41700
14700
78500
6300
7700
80700
66000
64400
63000
69800
9600
22000
72100
13700
42100
44800
34700
12500
22100
81900
42900
50000
52400
9000
65400
43300
55900
12700
3500
7400
6900
5700
74000
51000
64100
14700
56200
70800
50100
61100
34400
32800
3700
36800
50400
22200
58300
17000
36800
57800
37200
27200
83100
79300
34900
38100
52200
22100
41900
46800
45100
1200
68600
68400
29900
7000
2700
58000
48300
8900
39400
6900
67100
69600
59400
28900
37400
55400
58100
80200
44800
65400
8300
37200
58500
59500
67800
41900
5500
34400
55200
1500
63700
39900
59100
41800
55800
36500
6300
36800
45400
16500
15400
56500
74700
20900
42700
10600
62100
1600
39600
41800
48100
144300
38000
17600
59300
30700
66700
88700
44000
23000
42400
41600
44200
52200
34500
10700
63500
3100
65600
50700
10400
44000
49500
42900
8000
48700
28800
8300
63900
69400
49100
47100
13700
60700
61300
38000
49900
60300
63800
44500
70600
5800
25500
37500
83400
300
61500
47000
3300
63900
41100
68300
72100
1700
27600
18300
43300
75000
1600
86800
51500
67500
31300
76200
28000
74700
136800
40400
36600
86200
27100
74300
24300
51500
6200
10100
44800
38600
13600
60500
67500
16800
67500
8200
52500
53500
22700
60300
69100
40400
54200
42300
11700
22700
38500
61800
51200
32000
14900
62000
43300
24200
35600
13600
57400
64800
63700
69500
29200
77900
35200
32200
48800
41900
8400
64600
13600
31900
800
2100
60900
30700
44500
47400
75300
36700
75700
31800
23600
64000
20800
48900
19100
71200
10000
61600
48700
63400
24600
5500
30200
12200
4000
35300
48100
37000
12500
61200
42000
45100
42500
46100
63400
11700
52500
53300
32100
36600
4100
7700
57400
4500
85900
79800
56600
14500
34000
68800
41200
75800
47200
8300
14900
59400
21100
13500
43700
52600
11800
6500
52900
30400
15200
63500
38100
31300
47200
58400
45200
44700
60600
62100
17400
21500
45700
46700
42500
57000
2000
23400
8300
42400
79900
33500
72300
600
49600
67500
52400
26900
46300
69300
25900
20800
8500
7400
1400
75000
53700
49200
56200
37300
34200
61900
50900
6700
700
49000
18900
4100
51800
60500
57300
1500
64200
50400
64100
45300
18700
57200
22400
37400
8600
36800
15700
26600
9800
75500
47200
26300
58100
46200
20800
48400
44500
11800
23700
56500
64400
35500
2000
4500
75900
43400
28300
46100
30300
37600
54400
35100
20300
32800
28600
30400
15500
35200
44700
700
75600
10100
6400
45900
16500
27400
13600
23000
54900
2600
20700
61900
31800
52200
3800
16400
35700
10900
31500
8600
32500
15400
56600
31600
4300
53800
46700
39500
15600
53300
52500
7000
32000
56100
58500
63900
49100
45800
20700
35900
77600
31900
52100
6300
12700
80300
37100
800
47100
49200
48600
500
34800
35900
50400
35600
47500
49900
50200
12100
6100
14200
3400
24900
52400
58000
37300
19400
10700
17200
40800
31100
60700
50600
34900
51600
66000
26100
17300
37700
51200
7600
900
63400
50400
16800
74600
68500
27700
6800
49100
56000
55900
34900
31500
50300
62000
35000
15100
21600
57400
38100
48400
68300
17000
26200
1000
19900
19800
56500
5300
1200
9200
44000
12400
37700
56000
71000
52600
50500
18000
26300
61200
32900
24200
58300
44800
3200
58700
9800
50700
71500
44500
74100
71400
7700
14700
20200
55700
11700
4200
41500
37400
45200
16300
11800
61100
4000
21100
47800
20400
44600
76600
62200
25900
5100
41000
55300
27700
65800
34600
30500
76000
53500
22600
64000
24500
5200
10300
71500
5200
29500
17100
11700
44700
22600
44200
6000
47900
2600
51700
79300
5600
12200
54700
21100
3100
55000
73900
69000
35700
76100
39400
58700
68400
61800
15700
36800
69300
26200
10400
43300
56200
15300
5300
30800
41700
26700
46900
22700
66400
1500
13700
40800
68700
53000
20800
45900
25900
24700
21200
50900
19900
66700
70900
68900
6400
17900
73700
29900
59400
68000
19800
7500
14000
45000
58400
23200
66500
56300
18500
11200
4500
28200
16500
13500
47300
56900
33300
70400
38400
4200
30300
45300
13000
5300
55800
73600
300
4000
11300
11000
5900
18400
77700
44700
54000
12400
52500
54500
27500
10500
20200
24600
2100
38700
24500
45500
60700
5300
52800
2000
25500
48000
13400
43400
33000
71500
23200
45100
21700
15000
12700
2500
29200
26000
34800
30700
39400
50700
37600
25100
61900
1800
53500
35400
66900
31700
61600
14600
71200
49900
53800
61100
22700
64300
19600
1000
52500
12400
7700
16500
19100
48200
34300
62800
2900
27600
19800
35600
23300
14600
60000
6800
57100
48000
14900
12300
28800
27300
33200
10200
5500
63400
76700
68100
54800
59600
60800
38000
45900
42200
9600
66500
45300
7900
21400
4600
60600
47200
2700
17900
51500
12000
16700
36800
18500
50800
74100
28700
60000
69300
87600
18900
42500
41200
33700
59700
43000
39800
44100
46000
22000
34300
43100
52000
13300
53900
67400
30800
48600
53400
57400
57800
42900
53200
68200
37000
34100
6300
56300
54500
42800
5000
62400
30200
48500
14400
11700
12800
40300
5600
44500
54200
71200
3700
43600
52400
23900
39700
63200
1800
43300
56200
40200
31000
41300
20700
19200
44300
44100
54000
39200
74800
34900
22200
30100
44700
7500
9300
50700
71500
52900
34800
7200
19600
55800
36500
68900
62200
6200
47200
11500
48100
37400
27200
21200
19500
42800
42500
6800
47200
60300
44900
38700
43700
48900
55600
46600
62500
20600
12400
28800
26400
16500
48600
37800
15200
33400
63900
39500
75000
70000
53000
53900
45600
42500
10300
19600
40400
33000
76600
64700
32300
1400
60600
6900
52400
20900
46300
20500
34800
37500
23800
71200
69900
19400
56600
24200
13000
28500
62000
1800
10900
52100
63600
43200
37400
45300
52400
51800
11000
42500
41100
91300
20000
29900
17300
34200
23000
41300
22900
69000
32700
43800
45400
49700
24600
36800
50800
59600
3800
57700
31700
45700
18000
70700
42500
44600
6300
51400
32900
32600
46300
45200
15600
5900
55400
50300
44400
17200
41700
28400
1400
59700
42200
33200
54400
46300
36800
50300
52100
58700
57700
23700
39800
23000
49200
54900
3100
3400
64400
41000
14200
15000
30300
39100
27500
51900
46100
4700
19400
15600
70300
4400
36300
39800
3500
59600
12200
29100
500
31800
46300
25500
30200
73000
23700
32200
15600
43900
38300
51000
73300
4700
23200
53000
34000
54900
46800
600
23100
12900
84300
18100
11100
18700
43900
46400
39500
37800
18700
40700
26600
1700
47000
28000
59400
62600
38600
47800
22300
25500
14700
48700
4100
61200
37800
71500
33800
54000
35700
13700
48000
21600
13500
33900
40100
24100
33200
11300
50400
3800
14900
24500
71800
41800
51600
71700
5000
63800
32700
40800
43900
51700
7100
86000
54100
7900
57500
13200
63100
46000
30000
41800
17700
10200
35600
2900
39300
7400
14600
32000
68400
7800
3400
37200
4700
80000
34200
3900
37700
23700
35500
30700
38700
15700
50900
52800
5800
44900
64400
63000
12100
44800
57700
33100
55500
46100
10100
66900
39100
61400
38500
4000
49700
35500
29400
51600
43100
39200
43800
36200
26500
67900
58600
60800
1900
3100
33400
47700
4300
49100
57600
2800
1000
12200
18300
5600
81700
64000
23000
40300
32200
58100
48200
29500
23500
2700
17800
47800
25800
60600
21500
45200
60900
16000
5500
56800
27000
48200
73900
32600
25800
45900
65400
18000
97400
8700
10800
31900
63700
49000
47100
3400
19800
19000
21400
14900
46600
45600
75400
28700
36500
38500
58000
69000
47900
54900
8300
23300
58300
2500
22900
20200
39800
50600
36600
22200
80400
30800
41700
23200
42000
48000
56300
55100
59000
36200
38200
37700
2700
55000
51200
47600
14200
37600
12100
34800
15600
15000
51600
39000
23900
14000
52800
39600
4900
11600
31400
4300
48200
14100
62500
41200
90800
10900
58300
3100
66900
21900
35600
60800
62700
2600
36600
55100
34200
34700
32400
59900
16100
21900
49500
35600
80600
27300
23400
23500
27300
25300
44000
53100
46900
39100
57100
62500
54500
16100
38800
29000
4400
46300
28500
45700
36200
42200
10100
37300
30800
64700
64600
57900
66400
60600
700
2000
64700
2100
45300
65800
16800
41500
45000
10300
71000
70600
63300
15300
67400
69600
56000
29500
64600
21200
9700
75900
41900
39300
2600
52600
54700
57200
50500
24000
3400
20600
46200
34400
6200
25700
5000
54800
40200
1300
17300
32500
1400
3800
51100
25800
3400
6100
59700
61700
57600
61900
72800
32600
41500
37700
44400
1400
44800
40100
52200
3400
18800
58800
47900
6700
37400
50200
49000
48800
24300
10900
23500
16500
31500
14000
14800
22200
55800
8200
40200
36800
4500
41100
6100
32200
34800
31400
37100
48900
58800
20400
36700
41100
34400
22300
5700
51500
28100
49600
32900
45600
35200
88700
54300
50000
56000
5100
37800
20800
16800
29500
18800
51500
25600
31600
56000
11100
71100
57600
19400
57700
73200
55900
56300
13600
49200
56000
54300
45800
1200
39700
16300
33500
50100
35300
33900
52100
9900
55500
43300
70000
39900
16300
15000
38600
7500
52200
19800
16700
4000
2800
32200
59400
35000
31500
12000
57000
30800
48900
48000
53200
43300
31600
8400
67100
40000
59300
47300
59500
41800
36300
31600
44900
38600
29800
56000
33300
25700
74900
49300
55900
3100
51100
32700
30900
31500
44800
51400
5800
61100
45200
58400
42900
46800
79300
48400
56700
49600
57100
20400
6500
32000
4000
11600
49800
17500
38100
22100
27200
39500
32800
9400
24500
10200
11500
49800
11400
37900
32700
3900
63000
54600
13400
9600
91100
27900
16900
51600
11300
28500
51100
56000
34500
50500
37600
52900
45400
56900
28900
59500
40700
41200
36800
69300
32000
1600
42600
45000
1100
19500
30300
61800
17800
24600
32600
8000
58900
50800
15200
43800
17000
11600
53700
51600
500
1400
24400
47500
2100
18200
63900
60300
48800
1800
19000
4200
17900
5100
24500
38600
24800
42200
54200
34400
41100
68000
35300
49100
61300
81100
14000
10600
53600
52700
30400
57200
22600
35500
11900
50700
59400
2300
56500
2300
60000
2200
55800
37200
56000
34100
13000
3100
50400
27100
20500
34200
51200
29000
8400
20900
38000
13400
4100
63100
63800
12000
48000
36900
15100
13100
26600
45600
27700
31200
30500
37200
4300
12600
34500
36000
43600
4900
29000
45700
41200
16700
46400
49500
49800
25100
7100
46300
16700
40500
56100
11500
27200
35500
58400
46700
16200
38900
27600
45700
12400
52400
24600
39800
36800
53300
45200
54700
1400
20000
1000
33000
45600
40200
14900
4800
10100
53000
24000
55600
41700
29800
10800
12000
25000
55100
17200
46700
4100
29600
45400
49500
43200
51300
46900
1300
53100
53900
27700
1000
52400
3500
47700
85300
51600
60400
17900
45300
64800
62600
39000
55000
44500
62700
33600
51200
28500
9000
16600
53400
43200
9700
26600
59700
16900
54500
45600
50800
25200
44600
4600
76600
35000
39200
7500
2200
8500
15000
22500
69500
8500
39400
33800
45000
52800
66200
51300
1200
46700
38000
19900
35700
8100
8400
23800
60700
46700
25800
55800
54200
40800
33100
24400
29000
40300
4400
61400
46200
73800
64300
43400
27600
1700
43800
52100
4900
74800
18700
35100
53300
79900
107700
15200
64000
19400
59800
64900
22200
63200
64200
28500
8900
17000
72500
54000
12000
32600
25700
7100
58700
66500
30200
70600
43500
18900
64600
29500
57600
39200
66900
61800
3200
56100
43800
67600
66000
67800
38000
16200
10000
30100
49700
15200
53000
48700
47200
56200
67300
25100
42900
55600
42100
1300
11900
38700
600
42300
50300
48300
73800
71100
76900
68800
29300
52200
23100
44200
39400
53000
40700
43800
26700
19800
36200
7300
57900
38500
73600
45800
24600
49000
10100
35900
65400
21200
72200
11000
81600
75900
60800
20100
76800
66700
15000
49600
19300
58100
37200
46000
74200
7300
23100
38400
44800
8200
54400
18100
41600
25000
35700
62100
24400
52200
13100
30400
52700
9600
67800
73600
4600
2500
26300
19000
8900
39300
35600
52600
68200
67500
19600
45300
25300
29300
3900
48400
14900
3200
65100
41400
8600
4100
69100
33800
29300
45700
40200
400
20900
50800
35000
49300
75100
73700
61000
15900
23800
24000
12000
7600
52100
33300
59200
30000
19400
35600
58200
31500
56600
55400
54800
13100
55500
28600
53900
56200
14100
16800
39200
5400
38200
68500
44600
64500
68600
37400
24000
40600
58500
48600
21100
42000
17800
23700
60200
1100
4600
43900
13500
43200
7500
26100
33800
55200
36700
70800
72100
63600
33000
63100
33400
43700
55200
43800
3600
54700
74100
54000
53100
72500
24100
50200
71600
31200
39200
56700
51700
60400
20100
42100
5000
22000
55300
40700
17800
11300
67200
3000
71600
45800
68900
66200
4800
68800
65700
49400
42500
29600
58400
64400
38000
44100
8300
2000
27800
13000
39200
44100
12600
28300
60000
66000
9500
48900
39400
56200
41400
68700
51000
13600
49800
76400
14800
62100
54100
54300
72900
64200
61000
22900
41800
41600
21400
68600
22300
39100
21100
45200
24800
39800
60500
6600
2100
1800
59600
1500
20100
49100
63000
30500
82500
63400
90000
43900
39000
106800
56000
12800
47900
20200
6200
55500
78000
41900
71200
22500
57000
26500
41300
7100
53000
41400
15400
53200
42500
1200
52700
17400
27100
48700
68400
29900
42400
3500
9600
26800
38600
21200
61800
58000
10600
3300
11100
24000
59000
65300
33600
75800
8700
55700
11100
56200
46900
5800
63600
77200
43700
74100
24600
61600
67700
27700
53400
55500
80100
64400
22400
12900
6100
5200
73300
6100
17700
27000
1000
48500
43700
56100
18100
42700
10300
42200
89900
29800
3400
54700
8600
29400
47500
74200
7900
59900
60300
50000
13500
3800
82900
88300
12000
10700
40700
71300
21500
78900
33200
4800
42000
103000
48800
28600
59000
29800
30000
18900
19800
69200
27600
53200
36800
71800
3700
26500
72000
80000
67000
14900
1600
31400
60200
72800
68500
46100
90100
48600
44900
15100
82300
42500
65700
48900
24300
68400
63900
75800
65900
70600
8900
20300
45400
72600
54600
66400
64500
36500
58000
45000
50100
42400
81200
45800
25300
20700
10800
22200
1600
73400
48700
69800
16600
10200
77000
41200
3700
56400
9100
39100
71800
29500
5100
42300
46900
4700
10900
54400
58200
23000
73500
72200
14600
18600
66300
36700
58300
36600
40400
42200
58100
45400
4400
16400
43300
40300
73600
50300
12200
60400
20800
8200
57300
33300
31700
70200
46300
23000
48500
65700
34000
800
58700
16200
1400
17100
13900
65700
49500
70000
8700
52900
6400
5600
5800
72800
66400
50500
31200
69700
13900
3700
70200
55000
69100
30200
11400
71200
65500
46000
12200
34600
39800
62300
25700
51600
1900
23300
29600
3000
67500
11700
34200
34000
28300
8000
58700
47800
50100
40600
5900
41100
8900
7900
39100
12300
65400
65400
51000
70800
69400
16700
102900
46800
45500
62100
45000
71100
44900
3100
60900
76200
12600
63000
67400
66000
58400
34500
3300
30000
41000
22300
48400
51900
28300
68400
3700
35600
3500
1500
39400
56400
12900
43400
43600
169700
44600
12300
19800
66000
9400
56100
9100
54400
20600
64100
10000
34500
45400
42400
5300
70900
26700
71500
62200
4900
7200
14100
24000
52200
56800
69900
40300
30500
22200
24800
35300
35700
2900
38100
135300
10500
27800
18100
65700
67600
66500
48000
2700
40000
70600
36300
6700
49900
47700
94900
2700
5200
34400
54200
37600
13100
21300
54500
60200
45700
62700
20000
41100
4000
57300
48200
71100
16400
51700
41900
43600
43900
68600
40000
26800
64800
55000
48200
63700
69300
37300
1800
16700
62900
11000
15600
55400
23100
68400
82900
85000
45700
39300
23300
15900
29700
39600
35200
73800
27700
37100
48200
59800
39800
41100
79400
53200
68200
12600
19200
38100
79300
16100
78900
55100
7600
74700
46900
60300
5300
32400
73400
71100
48300
6400
41300
73000
44800
61500
40400
71100
43700
900
4000
61600
48200
28300
41500
11300
69400
71600
15300
31500
53800
23900
7000
45800
8000
59700
57700
63100
60400
61200
53100
15400
3300
20000
5800
48000
52500
40500
25000
55800
4400
10400
300
67600
54300
29300
10900
76600
30400
51600
52000
61900
67900
3500
61800
500
51500
84000
6300
59000
700
5200
80300
51200
54400
40000
63800
500
44300
52300
4300
29300
59000
56600
66600
19600
15100
65700
67600
16800
7900
55700
36700
56300
2400
72200
21600
14400
57200
44700
6900
18600
42000
25700
9500
71000
41600
37000
70100
72600
12800
10400
52600
18100
46700
1500
10500
58100
36500
45800
60200
44300
69200
24900
22300
56000
61700
8800
41000
12200
14100
19900
58700
44700
40100
35200
3000
37300
1700
37000
26300
49700
15300
68800
31900
2400
50300
2000
46900
61300
62600
67000
69900
44300
35600
41800
26600
32700
61900
73300
40500
63100
57700
31200
3200
35900
42500
44500
45900
20500
55300
17700
47000
6300
63800
24200
28500
75300
8500
57800
71300
40900
5800
2700
18000
64600
24200
30700
49400
12300
11900
61400
42500
36700
64800
47900
9800
53400
32200
8600
35400
40400
18700
3400
20300
49500
7900
35400
30800
32600
61900
21700
79100
23900
58100
9700
53100
34800
48400
23100
58500
46200
79400
8000
62300
68600
3900
37800
44700
52500
42600
26400
67900
1500
30600
58900
62200
43900
1100
13400
26700
7400
68900
63400
34700
58800
4000
19100
24300
76600
25500
15400
10900
2200
71500
44200
24000
39900
5100
66700
68100
18300
71000
54000
6100
45800
6700
36800
42300
5300
1400
77200
65900
43700
42300
6200
28700
53400
74600
43800
39200
49600
76200
10200
64300
21800
70500
8200
1800
56300
12800
77000
4200
41800
54800
64000
13200
57900
22900
9500
104600
54400
20300
69900
40900
11600
68700
85300
46800
67400
112100
53000
22100
36600
72400
16800
32300
2500
78600
57100
59200
87600
71100
34100
39100
113100
50400
47700
34700
18800
20400
41000
40500
61500
7300
39500
55000
60800
56400
96100
50500
51900
32700
45300
38000
23200
31700
70300
47500
57900
39100
47200
54400
48600
62100
58100
23000
21700
24500
6100
59300
36600
5400
26800
106900
40800
34100
72300
55000
152200
57700
55300
91100
1300
49700
52300
14300
59600
9100
61100
44600
49900
34700
41600
45500
32700
74500
15000
53200
61700
24000
64700
41100
31500
101200
38100
23200
23500
40000
53400
18400
61400
25300
51500
27200
6900
59500
53900
68600
30000
9200
70300
70100
60200
58800
47400
29800
14400
53300
69800
63700
34700
72700
28600
46500
63800
43200
5500
29400
87400
88500
61900
51200
10400
8200
48900
11000
15200
42700
40200
44600
6700
62300
19500
32200
62000
46700
65600
59500
47400
12900
40100
18900
1800
4300
49000
39300
42900
86300
39900
20600
72800
16200
67600
18800
60200
37200
15700
25300
13600
69700
21500
44600
3000
71400
16800
39000
52500
37800
43700
44800
22000
67700
60800
13800
27900
66200
56400
35300
53300
11100
53100
44700
67300
34100
60900
46700
3900
3300
63500
21700
18000
47700
55300
43800
29500
76800
52700
24700
15900
80700
74800
16900
50500
28800
6600
40800
36300
22800
64400
47100
31700
59200
53600
24600
9300
61900
54600
54100
45200
28200
3500
18100
2400
32300
71600
93100
11600
61700
28200
40100
6200
55400
81400
39600
80300
55600
52700
43600
40100
40900
56900
84900
47900
77300
45000
57000
41200
69700
8300
16200
13500
46600
62000
23800
113200
17800
45200
3300
74500
10200
3200
80000
32700
17500
47700
5300
35300
39700
49300
63400
26700
41100
8900
46100
46700
56600
23400
49800
48400
34400
62000
42300
30500
52500
111900
51700
15200
25100
13100
5400
74300
26300
17200
13900
104500
63700
35000
1500
58000
2400
32300
5400
5800
700
42600
14100
61700
63400
39100
35500
18700
37900
5100
63500
63400
26900
43000
9600
45400
50500
47200
45700
44900
110800
12400
56500
6400
7400
40700
10200
3100
72500
68100
37500
50300
51500
39300
49600
17300
60900
48200
17900
60300
43000
60200
31100
86000
44300
73000
16800
39800
41800
36600
34100
17500
1200
7900
46300
32100
60300
5900
40200
24200
22100
37300
28000
35300
10300
5600
62400
35500
25900
54400
31800
2300
30000
43300
1100
24700
50500
48200
67400
65200
72200
61500
47000
39400
46300
49900
28400
59000
45200
32500
26100
19300
57500
68800
61000
37300
900
11300
47500
67700
22700
13600
29700
57400
55200
29000
35200
70800
17400
39500
76400
23900
23800
71400
67400
79200
66500
48200
16200
7800
35700
48600
59100
70600
45400
21300
61800
63500
41200
33200
10500
65400
113100
57900
52200
31000
60900
32700
69300
68000
51900
57800
58500
58200
13900
21800
34100
71700
52600
75400
3100
24700
41700
67700
1200
34200
28700
9700
22300
12600
71300
73000
6300
6500
42000
50800
68200
46100
32500
30600
57500
6900
36300
53000
3600
58600
50000
61600
42700
54300
27100
71200
26900
66900
52400
42700
50200
25300
62400
9000
3300
43600
27600
62100
6600
76300
65600
52400
10000
52600
36000
56800
37400
36000
22100
3800
2000
57700
23100
62600
46200
25500
17600
48400
8800
60800
80700
64000
19100
28200
3200
49200
18900
57300
13700
57500
66500
68800
32900
41000
6800
46800
40100
39700
5300
5900
62100
46800
19800
51800
2100
4500
32500
58100
11300
66800
36000
16500
29100
43400
63000
53000
38800
7400
31700
10900
77900
58200
59600
54900
34700
70000
20900
22500
61400
46100
19900
78700
5700
42700
53200
12100
24600
13400
33600
47400
42000
14800
37100
27500
4900
1100
42200
48700
54000
63200
35900
32800
2000
58200
13200
46100
64600
76100
36900
2400
33500
14400
71800
16800
81300
20200
31600
74900
56700
66100
25900
2200
28500
13100
47700
15300
68300
31500
28400
4000
61400
2700
45000
38100
32100
38000
50100
32500
46000
25300
41300
37700
27200
31200
52800
47500
102300
64100
20100
52700
19800
47900
15300
70700
14300
47300
40000
59300
25300
51200
102500
47300
58400
75000
66500
55800
11900
66000
22400
71500
52400
42000
60900
47800
14200
10300
56600
6500
43200
25100
4200
38900
500
64300
59000
11600
23500
14800
24400
18000
25300
79100
65000
9700
6700
51100
48200
25000
45900
26900
42200
5100
73900
56100
19500
48300
42600
69500
16800
3900
16000
43000
42800
44000
46300
12800
106400
5400
47800
53000
12800
68000
70300
6400
2800
53200
55000
51900
56900
67200
20300
54600
25600
9100
52200
8400
56900
16800
11000
68600
58200
63400
55700
58200
8400
48600
26300
60900
9300
59500
2900
19600
23400
44700
57600
28500
66100
97100
22100
64700
125200
15700
11200
267300
21600
48400
59000
39100
41200
75800
44800
64900
75800
7000
3400
53700
24800
28100
44700
26000
16800
57700
60200
53700
48400
48500
65900
72000
71300
15000
2400
35300
67800
59100
68300
36700
27800
40000
46000
35900
70800
70600
37500
52600
40600
42400
104800
6000
28100
29000
46300
77500
57400
32500
46300
22300
58100
62500
34300
14700
46600
9700
81500
55900
21100
4600
61800
59900
4700
60700
21800
18400
8000
9600
63000
49200
55700
27800
61200
48800
22100
38600
15700
69600
26800
19600
47500
62200
2400
9400
24500
19900
38500
10700
82000
48800
2700
111600
2500
65300
86700
64000
39600
44300
4000
44700
37700
54200
52500
11100
1100
29500
3800
78500
81400
34700
19800
18500
28400
12200
72800
59500
51700
56800
10500
51800
34800
18000
36200
82800
18600
51100
88800
15000
61700
70500
15900
58300
35100
69400
75800
67900
2000
50500
47100
71300
47400
11300
16100
37300
20200
57800
53300
55500
45100
48200
49300
33600
19000
76800
53000
87100
9100
45500
5600
11500
24700
39900
49900
6200
38100
17900
34400
66500
40600
36200
57400
47900
47500
73000
45800
19800
66900
13600
38200
13600
17800
30400
3900
35700
14500
59500
8300
3200
3100
48500
48900
56200
1400
36900
23000
10900
47900
10500
39600
44200
56400
9500
22300
52400
46400
62100
20300
37600
64700
47500
26500
42700
32800
30000
134400
25600
19700
52300
56300
12000
22300
35500
35000
25300
3400
51400
27700
41000
18600
41000
52300
66600
15600
35800
66000
8000
43800
42900
11600
63500
46800
18600
19800
45800
33500
50700
27900
31200
20200
45900
45900
20300
67200
49500
49500
62900
7900
60000
44500
21400
52500
53200
62100
49500
46500
31200
64800
82100
24200
46700
61800
2800
59200
35900
23000
3700
49100
15300
71900
20300
46900
27000
56500
35300
32400
37700
18400
54800
25000
22300
37900
9500
47400
27200
72600
10700
4600
62500
67200
56300
62600
14600
30400
78500
66100
33800
6500
66600
39000
39900
50800
54100
77100
45000
22700
35300
25100
27900
16300
8800
56600
4300
11900
26500
23700
23300
73100
40800
46700
63800
77200
64800
72800
40500
107100
22500
27000
59200
65800
16700
61300
54500
49300
33900
26400
57000
55300
57400
10700
9200
73700
54100
51600
63200
2400
56600
56800
29300
7600
42200
34600
32300
36100
20500
15900
59400
5900
39000
41800
21500
63700
68200
39100
12500
35200
55400
64800
75400
54300
23700
88100
53300
36400
62000
31200
42100
21400
33000
70100
3300
13000
62300
38900
71200
74200
40500
12500
47900
77500
19000
55300
15200
16700
77300
2200
13500
45300
20000
35300
63600
45900
59200
76000
3000
20500
12800
35000
25700
12000
51900
55100
62700
13600
11700
21700
55800
38800
34900
1800
38400
64000
29200
61300
72200
37500
50700
11300
22100
24500
72200
12700
42400
52200
67400
3400
77400
11500
71200
22700
7400
13500
7500
69200
1200
95400
2100
74000
59900
36400
8100
4700
57000
7500
52300
49200
50100
5500
24800
32900
4200
9900
3000
60900
58500
47000
27900
13800
66400
32500
78200
70700
58300
2500
65600
34800
48800
70500
46400
42200
36900
39900
18400
25600
74800
8100
70300
31900
48800
40700
77500
75300
67800
60800
21600
67600
49000
77200
8800
16700
48700
4600
13300
900
4300
54400
85700
70900
3100
42100
75400
6100
54000
25300
24200
48500
54900
48000
67500
64700
9600
68500
39400
3900
23400
39600
35700
48900
49100
35200
75800
48900
23100
63700
69000
14100
10700
62900
19300
39000
60900
67800
50600
30900
25500
53000
44000
61500
56700
46000
65200
65000
73700
16200
49300
64700
27100
22100
59000
49400
38900
46800
23700
22300
26700
40500
17200
15000
16500
43700
6200
74800
26000
67900
36700
70200
41300
54400
57600
56100
27200
1000
49600
23600
75000
24100
32700
35800
47800
61800
48100
37300
15200
25800
52800
54400
66400
10000
17500
36500
22500
71700
52500
53100
24000
38200
64300
70600
25500
66100
26000
22900
1500
29100
67600
64500
54100
23900
23300
30000
50600
73300
33200
5700
62500
11800
55400
51600
12400
55600
9200
24600
79900
57400
66300
77600
61700
82800
28600
7300
67900
30300
57100
30700
46800
63600
16300
2100
15500
42200
68700
56000
68100
11100
28800
65600
55500
36500
67800
36900
65500
70800
44900
72700
57100
21700
79300
74900
47700
50400
39400
72700
72600
3900
42400
27800
52300
13100
61600
500
51400
13300
62500
33600
38500
87400
49800
47900
19400
16100
51600
11900
8100
34600
40400
60000
53200
41400
26000
8600
33000
38800
53500
28700
7200
54600
27900
43100
59500
69800
73800
68300
57300
58000
63700
43300
32900
52100
4500
68900
59500
7100
44100
14700
8200
48600
4900
38400
39000
28100
18600
20100
58400
17600
41700
52600
7500
71000
63500
13200
49300
26400
62200
130500
13800
5300
37400
21100
22400
63400
75700
45400
49700
20900
16400
15400
15600
56200
18400
75700
15700
66200
9900
26700
16300
43300
43400
15200
43100
75500
46800
56400
29400
47700
20200
60900
51200
70500
8100
11500
69300
63900
14100
43700
49000
13000
23000
41500
34700
54600
64300
66700
41000
700
72500
65500
47900
69900
64900
3200
3300
30500
24600
49200
17000
76200
75000
24000
76500
32600
56300
49800
7900
28900
38600
42500
51700
63500
57500
4600
8300
75000
76300
66400
47100
65300
40300
49700
20400
3800
30900
33800
7200
30900
2000
66100
31000
42800
13500
71900
15900
52200
57100
45800
62300
71500
78700
69300
37800
14600
56000
47600
46400
34600
71200
66700
70000
7500
67100
40900
53500
26700
125800
25500
36300
62300
8500
50900
43400
69400
60400
65800
32000
32600
18900
3200
29500
8100
15600
67900
62800
72500
4100
63300
7500
48800
43200
65300
3500
17800
42800
25100
26600
41600
52500
4300
25900
42700
47700
600
17400
50100
27200
17200
20500
64600
59500
35800
40300
24000
66900
55400
59700
63600
3400
54300
28700
44600
45200
47400
44500
16400
11600
7900
2800
60300
40800
44800
33200
19500
31800
19400
2500
55200
55100
29600
50800
47200
65000
27800
71900
68500
50900
72900
34900
68400
37000
45700
18200
14300
40300
58400
51400
29200
1200
1800
76200
23800
3800
70500
59600
68900
50900
14000
2100
43500
46700
16100
54100
62400
56100
1700
25000
54900
78800
97700
56400
72600
52200
58400
12300
74800
63100
79700
51300
54900
75300
69100
39100
67800
47400
32500
29200
1200
74000
3800
59500
16700
61300
12200
8400
7300
24500
62600
12500
20300
26300
85000
61500
51400
8800
10800
53400
5300
26000
9900
16100
80500
3400
65000
51600
69100
600
57700
108500
83900
69100
56900
62100
57900
24100
21100
20500
64600
73900
14800
13500
59400
19700
68200
12200
79400
64100
14300
57100
56600
38000
31300
25600
12900
31000
48800
1700
53400
59500
12600
37000
22300
61800
77600
54400
60300
4200
45200
30700
13500
68800
36500
43600
25100
7700
22400
71700
62500
50300
51100
7200
48700
24000
